0 0.452367 0.826906 0.0225666 0.0304797
0 0.321558 0.56608 0.0211964 0.0314301
0 0.454494 0.649194 0.0239231 0.0303169
0 0.336849 0.856437 0.0227781 0.0272872
0 0.604264 0.762097 0.0225689 0.0310074
0 0.247097 0.599257 0.02352 0.032048
0 0.345053 0.739582 0.0235526 0.0323835
0 0.544004 0.694004 0.0247386 0.0318766
0 0.579498 0.82664 0.0230794 0.0281939
0 0.277145 0.786 0.0244206 0.0353633
0 0.407855 0.766708 0.0217471 0.030652
0 0.523032 0.631979 0.0232452 0.0314885
0 0.511014 0.735459 0.0238907 0.0327265
0 0.428939 0.692976 0.022615 0.0282557
0 0.516363 0.698567 0.023251 0.0330157
0 0.319217 0.790577 0.0242361 0.0301086
0 0.403403 0.816467 0.0257666 0.0322105
0 0.291185 0.837317 0.0227516 0.0331661
0 0.525743 0.670517 0.0244986 0.0282031
0 0.3679 0.546046 0.0231657 0.0315341
0 0.407729 0.734396 0.0228558 0.0313782
0 0.644256 0.757986 0.0223573 0.0234394
0 0.345614 0.566184 0.023785 0.0327119
0 0.423849 0.839859 0.022438 0.0284207
0 0.517646 0.869406 0.0223546 0.0315288
0 0.323179 0.682101 0.02348 0.0312332
0 0.404775 0.858029 0.0227204 0.0277702
0 0.358588 0.606677 0.024686 0.0307528
0 0.397329 0.653532 0.024906 0.0315623
0 0.346272 0.83268 0.0249527 0.0316165
0 0.388802 0.571357 0.0236697 0.0338122
0 0.365486 0.640103 0.0243238 0.0319575
0 0.583263 0.662231 0.0239567 0.0304759
0 0.241689 0.74467 0.0213371 0.0337039
0 0.495737 0.858731 0.0215548 0.0307044
0 0.430847 0.658365 0.0221444 0.0328207
0 0.274551 0.684681 0.0248533 0.0314783
0 0.268891 0.714677 0.0228688 0.0291989
0 0.242065 0.858697 0.0252257 0.0257055
0 0.554643 0.865838 0.0222887 0.0340795
0 0.647429 0.733536 0.0246202 0.0301366
0 0.377924 0.684318 0.0241255 0.0301602
0 0.288377 0.623686 0.0229288 0.0299349
0 0.469476 0.721758 0.0223701 0.0336594
0 0.401564 0.683608 0.0221029 0.0306802
0 0.535228 0.848063 0.0221195 0.0298136
0 0.229681 0.646292 0.0233264 0.0306868
0 0.383973 0.741102 0.0247049 0.0284034
0 0.49292 0.677096 0.0225669 0.0286288
0 0.626916 0.812373 0.023007 0.0302157
0 0.559051 0.720034 0.0205002 0.0294708
0 0.227 0.678881 0.0241967 0.0305473
0 0.485646 0.607506 0.0253891 0.0331019
0 0.463766 0.802752 0.0257327 0.0303271
0 0.449196 0.773288 0.0265524 0.0329744
0 0.39072 0.710405 0.0238396 0.0314013
0 0.429605 0.810644 0.0234846 0.0330167
0 0.539437 0.815738 0.0232494 0.0317718
0 0.626981 0.782394 0.0232391 0.0295021
0 0.322473 0.71235 0.0230096 0.0306224
0 0.535353 0.723735 0.0245785 0.0309893
0 0.429275 0.580384 0.023657 0.0305893
0 0.624492 0.741846 0.0212521 0.0294266
0 0.228799 0.710011 0.0229786 0.0293187
0 0.377896 0.779016 0.0248079 0.0297009
0 0.468543 0.861117 0.0207923 0.031699
0 0.207821 0.592616 0.0231913 0.0270218
0 0.368828 0.712011 0.0220041 0.0314545
0 0.444811 0.85813 0.0224682 0.0296807
0 0.472602 0.666659 0.0240503 0.0334558
0 0.281612 0.564033 0.0239194 0.0270004
0 0.299231 0.683308 0.0236273 0.0279622
0 0.55632 0.831657 0.0203629 0.0304263
0 0.3074 0.739988 0.0230089 0.0288742
0 0.342115 0.6262 0.0225502 0.0295385
0 0.62705 0.860663 0.0186596 0.0321225
0 0.502487 0.78541 0.0239843 0.0328954
0 0.277688 0.653796 0.023316 0.0295054
0 0.448333 0.720711 0.0206453 0.0327313
0 0.374527 0.863086 0.0238178 0.0289071
0 0.266729 0.748729 0.0246099 0.0312159
0 0.314085 0.831954 0.0229704 0.0307017
0 0.293629 0.713662 0.0237409 0.0273731
0 0.548428 0.784005 0.0208855 0.0289483
0 0.431149 0.736673 0.0212275 0.0302483
0 0.571758 0.797694 0.0251822 0.0319285
0 0.457941 0.5845 0.0239885 0.0307905
0 0.616005 0.663089 0.0239611 0.0297195
0 0.221143 0.619254 0.0236 0.0299304
0 0.526246 0.790343 0.0257774 0.0316026
0 0.491642 0.703378 0.0242176 0.0282962
0 0.36462 0.758472 0.0259235 0.0304337
0 0.250884 0.659564 0.0240938 0.0312764
0 0.605782 0.832287 0.0248142 0.0311423
0 0.254755 0.832672 0.0222194 0.0332932
0 0.489799 0.827167 0.0245698 0.0296271
0 0.643456 0.639357 0.025533 0.0217111
0 0.368398 0.575591 0.020624 0.0294197
0 0.344818 0.660824 0.0223774 0.0328801
0 0.449995 0.680663 0.0208492 0.0293704
0 0.572792 0.848081 0.0206152 0.0245628
0 0.314476 0.623464 0.0275305 0.02939
0 0.204254 0.563962 0.0224371 0.0297228
0 0.490065 0.754257 0.024719 0.0309298
0 0.264969 0.623528 0.0235195 0.0303089
0 0.474719 0.771959 0.0230542 0.0344317
0 0.386452 0.605093 0.0212313 0.0328209
0 0.250372 0.692388 0.023913 0.0302269
0 0.30126 0.654452 0.0253384 0.0308609
0 0.515253 0.830728 0.0241447 0.0299909
0 0.331137 0.595919 0.0235161 0.0300548
0 0.3753 0.807299 0.0237073 0.0286438
0 0.595295 0.694152 0.0245393 0.0323046
0 0.279943 0.593177 0.0235734 0.0293566
0 0.566864 0.637655 0.0273766 0.0287313
0 0.606436 0.862023 0.0227417 0.0294116
0 0.62589 0.704104 0.0218298 0.0337692
0 0.435021 0.60959 0.0273284 0.0301033
0 0.348122 0.707726 0.0207098 0.0310178
0 0.546592 0.752609 0.0227926 0.0267136
0 0.376689 0.790714 0.0249266 0.0385399
0 0.622556 0.860982 0.0188505 0.0319156
