0 0.456683 0.705297 0.0225058 0.0287445
0 0.264446 0.637974 0.0257133 0.0312897
0 0.325314 0.870228 0.0246494 0.0301229
0 0.532804 0.714218 0.0241329 0.0280869
0 0.548582 0.854278 0.0210137 0.0315308
0 0.382095 0.633122 0.026798 0.035538
0 0.307607 0.77892 0.0239449 0.0286654
0 0.630509 0.773299 0.0212343 0.0323661
0 0.353699 0.868851 0.0242064 0.0322464
0 0.395547 0.732174 0.0219143 0.0302167
0 0.643136 0.739896 0.0246769 0.026227
0 0.231333 0.637799 0.0252408 0.0332764
0 0.411056 0.644113 0.0241704 0.0315115
0 0.592347 0.776757 0.02258 0.0313765
0 0.382882 0.694917 0.024176 0.032337
0 0.223138 0.601856 0.0224895 0.0273552
0 0.587072 0.881257 0.0235067 0.0333323
0 0.258309 0.69704 0.0231363 0.0287958
0 0.613701 0.80038 0.0247622 0.029778
0 0.569057 0.788773 0.022881 0.0313275
0 0.327853 0.75859 0.0221992 0.0291068
0 0.599692 0.727593 0.02346 0.0285022
0 0.460989 0.822438 0.021479 0.0276642
0 0.338724 0.704102 0.024306 0.0327644
0 0.614478 0.751873 0.022588 0.0282056
0 0.331609 0.82167 0.0215934 0.0296875
0 0.623026 0.712285 0.0231859 0.0296384
0 0.341723 0.793226 0.0233807 0.0311172
0 0.546586 0.792454 0.0222668 0.0268941
0 0.3092 0.847485 0.0208972 0.0306401
0 0.522859 0.860617 0.0225895 0.030955
0 0.506339 0.702687 0.0230722 0.0333006
0 0.230124 0.672087 0.0237964 0.0290302
0 0.550706 0.76265 0.0245964 0.0308141
0 0.417551 0.870711 0.0228033 0.0333274
0 0.497096 0.863796 0.023433 0.0308573
0 0.369469 0.671363 0.0245929 0.0312696
0 0.426509 0.829225 0.020631 0.0318694
0 0.278012 0.666569 0.0241606 0.029748
0 0.599005 0.849716 0.0221695 0.0239617
0 0.286472 0.813303 0.0223625 0.0296143
0 0.442779 0.80051 0.0223908 0.0317559
0 0.229759 0.703596 0.0218684 0.0297161
0 0.53901 0.684603 0.022892 0.0307793
0 0.309844 0.814778 0.0224456 0.0310242
0 0.383197 0.763108 0.0218073 0.0300189
0 0.589706 0.702022 0.0228207 0.0315216
0 0.311288 0.700149 0.0221745 0.0295167
0 0.417157 0.741408 0.0234371 0.030676
0 0.484851 0.69077 0.0236504 0.0328534
0 0.610197 0.888585 0.0200581 0.0305934
0 0.572418 0.852173 0.0250854 0.0312718
0 0.258091 0.850019 0.0224159 0.0296537
0 0.328585 0.66999 0.0211958 0.0318143
0 0.35094 0.759551 0.0240221 0.0307413
0 0.251197 0.781461 0.0247972 0.0286158
0 0.473688 0.722023 0.0213634 0.0274905
0 0.454383 0.761198 0.0241515 0.032191
0 0.450896 0.8485 0.0219982 0.0304568
0 0.369619 0.735181 0.0246014 0.0298851
0 0.264856 0.592386 0.0235356 0.0292673
0 0.444174 0.646317 0.0253178 0.0312342
0 0.525918 0.742501 0.0249916 0.030492
0 0.622831 0.863375 0.0247093 0.0307298
0 0.322559 0.609569 0.0242455 0.0316518
0 0.564878 0.823308 0.023138 0.028994
0 0.325668 0.728039 0.024875 0.0311774
0 0.473422 0.864629 0.0243398 0.0289317
0 0.303304 0.667469 0.024941 0.0325386
0 0.544189 0.824407 0.0189693 0.0290727
0 0.252567 0.664713 0.0227528 0.030779
0 0.51754 0.779164 0.0218102 0.0327245
0 0.483279 0.766215 0.0229053 0.0325249
0 0.500114 0.796507 0.0243378 0.0300921
0 0.425182 0.775505 0.0224716 0.0288994
0 0.246309 0.611378 0.0233931 0.0311302
0 0.411207 0.679928 0.0242622 0.0308098
0 0.559366 0.707366 0.0242375 0.0282417
0 0.527506 0.812508 0.0241676 0.0307993
0 0.661806 0.709821 0.0228111 0.0338024
0 0.401725 0.833206 0.0249763 0.0311923
0 0.351097 0.553538 0.0240836 0.0367124
0 0.613485 0.827366 0.024593 0.0266327
0 0.433174 0.708791 0.0232407 0.0296053
0 0.30387 0.635306 0.0229209 0.0290741
0 0.284689 0.695129 0.0246201 0.0291429
0 0.265822 0.755602 0.0213535 0.029022
0 0.568549 0.675191 0.0248474 0.0337786
0 0.332196 0.638652 0.0211827 0.0309727
0 0.486257 0.823157 0.0229202 0.0331993
0 0.242554 0.753072 0.0182868 0.0315521
0 0.47036 0.794736 0.0227005 0.0308723
0 0.250173 0.725043 0.0221764 0.0281433
0 0.241144 0.575876 0.0230352 0.0327583
0 0.305002 0.753059 0.0241617 0.0272611
0 0.51017 0.835263 0.0249813 0.0305101
0 0.409455 0.80226 0.0227142 0.0253375
0 0.279705 0.781195 0.0249333 0.0342977
0 0.608053 0.685359 0.0222145 0.0270341
0 0.361206 0.70574 0.0223721 0.03141
0 0.386561 0.800775 0.0217027 0.0277822
0 0.586906 0.751637 0.0241903 0.0304752
0 0.405431 0.61233 0.0244679 0.0324338
0 0.366154 0.784094 0.0227266 0.0289177
0 0.442611 0.73527 0.0240458 0.029895
0 0.274112 0.727268 0.0205898 0.0297442
0 0.64817 0.839293 0.0235625 0.0337672
0 0.589509 0.812676 0.0190866 0.0338605
0 0.259329 0.809721 0.0240893 0.0246045
0 0.378357 0.828848 0.0201535 0.0251027
0 0.383163 0.866543 0.0241806 0.0339263
0 0.352362 0.653232 0.0232668 0.0280045
0 0.641329 0.682483 0.0243605 0.0317492
0 0.286434 0.852806 0.0192455 0.0342903
0 0.266475 0.746535 0.0208051 0.0199127
0 0.35184 0.62182 0.0216707 0.0310387
0 0.323067 0.865184 0.0214116 0.0258387
0 0.401324 0.780527 0.0217579 0.0271098
0 0.297757 0.724503 0.0234264 0.0280135
0 0.407199 0.791242 0.021883 0.0247449
0 0.36475 0.818021 0.024791 0.034307
0 0.56202 0.734344 0.0218885 0.0291786
0 0.772063 0.323184 0.0113277 0.02151
0 0.648398 0.774499 0.0153782 0.0332041
0 0.520807 0.820107 0.0247237 0.0301734
0 0.38618 0.630299 0.0240104 0.0321482
0 0.497949 0.800661 0.0253468 0.0302279
0 0.416665 0.799741 0.0229984 0.0244001
0 0.447413 0.141171 0.0122023 0.015364
0 0.250267 0.667231 0.0217134 0.029673
0 0.477602 0.70385 0.0208153 0.0298836
