0 0.270898 0.703971 0.0217177 0.0316795
0 0.411831 0.642892 0.0257898 0.0328161
0 0.28566 0.751053 0.0220647 0.0299349
0 0.449839 0.657495 0.0245478 0.0334043
0 0.402149 0.786842 0.0228807 0.0275279
0 0.242032 0.625991 0.0206715 0.0297086
0 0.494684 0.829932 0.0241515 0.0255137
0 0.470777 0.808741 0.0247026 0.0288208
0 0.485822 0.665058 0.0233182 0.0284815
0 0.625752 0.712712 0.0233521 0.0327935
0 0.387898 0.606885 0.023614 0.0314445
0 0.277811 0.80501 0.021032 0.0279798
0 0.409729 0.822521 0.0197981 0.0297549
0 0.58719 0.696451 0.0259533 0.0353625
0 0.605989 0.87912 0.0202822 0.0299362
0 0.442343 0.690905 0.0225595 0.0291801
0 0.57725 0.747585 0.0230531 0.0315915
0 0.670121 0.651351 0.0225756 0.0310379
0 0.36305 0.855652 0.0231577 0.0321424
0 0.232811 0.672247 0.0215882 0.0310463
0 0.554842 0.670687 0.0228217 0.0293828
0 0.414941 0.859529 0.0224417 0.0300699
0 0.511022 0.670384 0.023041 0.0265561
0 0.634069 0.827304 0.0230983 0.030349
0 0.243817 0.777944 0.0215345 0.0297956
0 0.250517 0.721278 0.0218227 0.0294004
0 0.310301 0.672545 0.0198442 0.0310598
0 0.310034 0.61935 0.022832 0.0326269
0 0.452965 0.861041 0.0206976 0.0295568
0 0.354028 0.744573 0.0230201 0.0331406
0 0.326502 0.851408 0.0226455 0.0302002
0 0.653333 0.73798 0.0220953 0.0327217
0 0.42528 0.615023 0.0226765 0.0318171
0 0.36324 0.691992 0.0241034 0.0287376
0 0.60182 0.840991 0.0207031 0.031085
0 0.260914 0.855479 0.0206856 0.0309862
0 0.559507 0.876333 0.0222915 0.0267284
0 0.55158 0.727202 0.0230968 0.0305751
0 0.530909 0.681489 0.0211515 0.0273733
0 0.340871 0.82603 0.0206065 0.028427
0 0.63432 0.679432 0.0239075 0.0303546
0 0.398235 0.76032 0.020553 0.0305295
0 0.671752 0.688897 0.023026 0.0267359
0 0.534526 0.649907 0.0237617 0.032475
0 0.62618 0.860654 0.0227864 0.0314772
0 0.525159 0.750263 0.0257906 0.0330139
0 0.527142 0.822322 0.0222773 0.0302574
0 0.583986 0.863571 0.0229431 0.0324708
0 0.50869 0.698835 0.0214031 0.0233454
0 0.484926 0.750597 0.0216183 0.0327609
0 0.346216 0.7954 0.0207356 0.028501
0 0.440988 0.737338 0.0231312 0.0297345
0 0.549122 0.810446 0.0216484 0.0284237
0 0.378976 0.636976 0.0239337 0.0335828
0 0.417253 0.678695 0.0221151 0.0341401
0 0.456856 0.709574 0.0234991 0.0323971
0 0.295579 0.700798 0.0240815 0.0347371
0 0.383275 0.859244 0.018259 0.0287906
0 0.423824 0.708809 0.0201029 0.0285161
0 0.607324 0.677795 0.0224718 0.0331975
0 0.318753 0.703612 0.0222391 0.0323261
0 0.29633 0.644805 0.0225863 0.0270956
0 0.561395 0.784843 0.0221062 0.0329892
0 0.485978 0.710018 0.0228985 0.0311821
0 0.556506 0.848886 0.0211033 0.0300209
0 0.53231 0.713939 0.0224078 0.0341413
0 0.600351 0.784234 0.0227722 0.0310328
0 0.486276 0.861543 0.0248034 0.0327648
0 0.251692 0.689167 0.0213542 0.0297256
0 0.340512 0.622125 0.0249063 0.030516
0 0.442869 0.802215 0.02334 0.0282896
0 0.22113 0.640956 0.0238454 0.0273806
0 0.217208 0.613878 0.0236246 0.0292488
0 0.363313 0.817655 0.0217891 0.0239772
0 0.417383 0.743036 0.0224375 0.030907
0 0.377611 0.750212 0.0235664 0.0257779
0 0.315644 0.821683 0.0239251 0.0262333
0 0.228937 0.721702 0.0222536 0.0276602
0 0.356373 0.647509 0.0240343 0.0336506
0 0.376047 0.716304 0.0265298 0.0318736
0 0.312719 0.735243 0.0176273 0.031628
0 0.331908 0.758723 0.0230753 0.0314766
0 0.424398 0.779874 0.0201535 0.0290922
0 0.526216 0.865088 0.0219599 0.0320706
0 0.574636 0.827216 0.0235565 0.0311488
0 0.509105 0.861433 0.0184387 0.0303065
0 0.322327 0.652172 0.0216073 0.0308821
0 0.265979 0.625841 0.0217833 0.029039
0 0.430228 0.824666 0.0205051 0.0246895
0 0.385112 0.827542 0.0223188 0.0299914
0 0.455672 0.829533 0.0207539 0.0306323
0 0.443917 0.76848 0.0223471 0.0308278
0 0.599223 0.748936 0.0208736 0.0310382
0 0.505664 0.730346 0.0208886 0.0326352
0 0.624472 0.776836 0.0218946 0.0314463
0 0.469738 0.779239 0.0203714 0.0318512
0 0.293058 0.792452 0.0202391 0.0285946
0 0.285729 0.881345 0.0241579 0.0312745
0 0.260154 0.746888 0.0230505 0.02621
0 0.611796 0.815109 0.0227739 0.0314039
0 0.258159 0.817389 0.0213236 0.0321411
0 0.466335 0.626826 0.0258516 0.0342878
0 0.284638 0.612479 0.0178145 0.0317626
0 0.475403 0.685725 0.0204609 0.030442
0 0.314158 0.789317 0.0197737 0.0301394
0 0.508348 0.770998 0.0233846 0.0296069
0 0.555992 0.700227 0.0240998 0.029754
0 0.39382 0.681644 0.0239201 0.0349894
0 0.498609 0.800232 0.0226503 0.0312352
0 0.236745 0.748905 0.0179449 0.0280642
0 0.403226 0.716272 0.0240118 0.0310689
0 0.338435 0.678725 0.0214716 0.0342281
0 0.27866 0.666008 0.0220592 0.0310687
0 0.283601 0.845667 0.0221697 0.0278178
0 0.478593 0.677516 0.0243288 0.0294105
0 0.27382 0.775339 0.0206592 0.0272784
0 0.254225 0.655271 0.0227164 0.0294996
0 0.585624 0.799166 0.0231297 0.0326907
0 0.436088 0.849232 0.0193834 0.0268412
0 0.341083 0.714619 0.0256647 0.0272293
0 0.523731 0.793762 0.0231595 0.025811
0 0.344617 0.799772 0.0222519 0.0342638
0 0.450724 0.855496 0.0209587 0.0292976
0 0.40076 0.772414 0.0253979 0.0435278
