0 0.422114 0.850873 0.024037 0.0296635
0 0.330449 0.578242 0.0227111 0.0329348
0 0.629815 0.739709 0.0241663 0.0314171
0 0.348914 0.60196 0.0230396 0.0315497
0 0.243083 0.790505 0.0243632 0.0302406
0 0.30827 0.594895 0.0231974 0.0313172
0 0.272436 0.852677 0.0243977 0.0323063
0 0.443063 0.734788 0.022576 0.0333473
0 0.610683 0.839725 0.0227555 0.0313789
0 0.634469 0.705602 0.0250231 0.0373318
0 0.377256 0.842324 0.0224366 0.029017
0 0.507066 0.853258 0.0214056 0.0299476
0 0.249359 0.659705 0.0216466 0.0294978
0 0.294694 0.783452 0.0236002 0.0333763
0 0.292332 0.688933 0.0238545 0.030732
0 0.336156 0.790324 0.0189754 0.0267136
0 0.529105 0.86016 0.0219772 0.0279363
0 0.59626 0.670444 0.0245045 0.0311693
0 0.424912 0.81689 0.0234708 0.0331932
0 0.471248 0.619749 0.0236536 0.0254443
0 0.407316 0.599834 0.0219997 0.0307968
0 0.526758 0.773338 0.0212764 0.0287925
0 0.350856 0.861806 0.0237348 0.0283799
0 0.607133 0.874575 0.0222054 0.0308592
0 0.32649 0.68453 0.0216333 0.0307617
0 0.252462 0.606437 0.0239955 0.0333486
0 0.299544 0.717001 0.0226578 0.0316093
0 0.262624 0.77352 0.021658 0.030467
0 0.645669 0.763921 0.0242842 0.0326965
0 0.543681 0.824628 0.0255461 0.0310659
0 0.330215 0.751009 0.0263585 0.0318754
0 0.370943 0.673333 0.0239476 0.0314034
0 0.44638 0.680989 0.0231884 0.0304059
0 0.446232 0.822748 0.0186245 0.0275169
0 0.644259 0.652774 0.0248899 0.0346588
0 0.475883 0.590636 0.0252182 0.0298725
0 0.268593 0.6789 0.0214238 0.0291845
0 0.293933 0.571432 0.0215063 0.0269058
0 0.237256 0.731352 0.0253754 0.0291087
0 0.352842 0.727943 0.0220377 0.0316681
0 0.282527 0.713978 0.0177172 0.0279813
0 0.65542 0.680053 0.0199213 0.0281347
0 0.544083 0.759932 0.0225395 0.0313587
0 0.231825 0.623152 0.0232991 0.0325431
0 0.270645 0.580289 0.0239017 0.0334348
0 0.543005 0.696357 0.025034 0.0341288
0 0.609024 0.80005 0.0239496 0.0288615
0 0.394804 0.767385 0.0229521 0.0327643
0 0.55428 0.855678 0.0227934 0.0304132
0 0.583281 0.699661 0.0215796 0.0336589
0 0.316704 0.798123 0.0208001 0.0293096
0 0.606986 0.767847 0.0247121 0.031503
0 0.295926 0.854828 0.020554 0.0315788
0 0.375149 0.595197 0.022766 0.0291234
0 0.561583 0.731245 0.0213081 0.0297218
0 0.388246 0.692895 0.0269264 0.0326106
0 0.304864 0.625519 0.0234325 0.0292262
0 0.447824 0.789106 0.0244206 0.0323088
0 0.490213 0.82583 0.0220224 0.0312856
0 0.571858 0.871991 0.0230429 0.0289942
0 0.582037 0.741259 0.0214155 0.0300072
0 0.461352 0.753913 0.0211475 0.0276822
0 0.284664 0.60558 0.0227704 0.0299838
0 0.329058 0.833485 0.0210321 0.0281677
0 0.463324 0.7037 0.0241936 0.0297235
0 0.467021 0.825246 0.0224504 0.0314326
0 0.471886 0.856531 0.0220329 0.0294062
0 0.482014 0.744802 0.0234452 0.0307704
0 0.503514 0.763817 0.0225956 0.0310285
0 0.326563 0.713725 0.0241574 0.0287364
0 0.230255 0.679877 0.0234752 0.0287725
0 0.517501 0.681451 0.0253283 0.0335571
0 0.53441 0.727912 0.0221096 0.0278356
0 0.292266 0.653966 0.0205713 0.0323454
0 0.415074 0.678246 0.0247358 0.0283694
0 0.328427 0.61919 0.0232191 0.0299674
0 0.562561 0.631413 0.0238612 0.0294439
0 0.480567 0.681278 0.0241474 0.0314428
0 0.412231 0.643365 0.0234915 0.0334124
0 0.557901 0.796608 0.0227061 0.031515
0 0.507765 0.733655 0.0233208 0.0309731
0 0.489921 0.710208 0.0230564 0.0279696
0 0.394565 0.80709 0.019919 0.0293432
0 0.448201 0.644147 0.0240795 0.0283529
0 0.572872 0.814445 0.0240964 0.0330083
0 0.268442 0.63425 0.0234526 0.0273769
0 0.478323 0.647106 0.0254289 0.029341
0 0.636447 0.831729 0.0233056 0.0308142
0 0.651123 0.708024 0.0152435 0.0289536
0 0.218055 0.649204 0.0225439 0.0314627
0 0.429137 0.61136 0.0239475 0.0324183
0 0.351196 0.833063 0.0240135 0.0290143
0 0.370371 0.644465 0.0238795 0.0285098
0 0.251511 0.698954 0.0228179 0.028547
0 0.288762 0.747364 0.022618 0.0253493
0 0.367199 0.778933 0.0263359 0.0342613
0 0.391735 0.65319 0.0231028 0.0371959
0 0.483541 0.775549 0.0220772 0.0262124
0 0.223051 0.593217 0.0244225 0.0245494
0 0.513404 0.801519 0.0229065 0.0311946
0 0.601046 0.727431 0.0232152 0.0245021
0 0.349422 0.667707 0.0198725 0.0288185
0 0.419325 0.713067 0.0251863 0.0353259
0 0.52085 0.833555 0.0209997 0.0245913
0 0.276541 0.79948 0.0211874 0.0275576
0 0.403838 0.834001 0.022654 0.0304688
0 0.376874 0.734558 0.024122 0.0315188
0 0.347305 0.661645 0.021357 0.0262044
0 0.396531 0.726148 0.0234758 0.0301258
0 0.388684 0.617355 0.0252674 0.0303436
0 0.461773 0.697287 0.0217437 0.0285528
0 0.451902 0.85135 0.021961 0.0233353
0 0.63493 0.79383 0.0204134 0.0275912
0 0.585423 0.792198 0.0217005 0.0274594
0 0.312451 0.661723 0.0218893 0.0332342
0 0.261596 0.74271 0.0212885 0.0281972
0 0.374653 0.812874 0.0201898 0.0298945
0 0.50015 0.766659 0.0257975 0.0328227
0 0.52377 0.836605 0.0196997 0.0216166
0 0.483138 0.75492 0.0222645 0.0357493
0 0.305231 0.825014 0.022495 0.0254634
0 0.486336 0.767961 0.0267136 0.0356692
0 0.333964 0.650134 0.0239389 0.0271443
0 0.282138 0.596142 0.0225972 0.0201932
0 0.320999 0.67103 0.0242218 0.0206579
0 0.567374 0.769991 0.0284351 0.0273318
