0 0.603562 0.889929 0.0212166 0.0334328
0 0.44273 0.758616 0.0221345 0.0314466
0 0.57109 0.776522 0.024626 0.0325155
0 0.529833 0.648767 0.0229772 0.0331444
0 0.588553 0.683103 0.0221936 0.0313456
0 0.64631 0.71835 0.021038 0.0309545
0 0.417822 0.85227 0.0229443 0.0294681
0 0.462641 0.774656 0.0220123 0.0304615
0 0.657556 0.691414 0.0240732 0.0319247
0 0.405009 0.724129 0.0241566 0.03175
0 0.515512 0.757303 0.0223963 0.0306656
0 0.51214 0.853772 0.0233267 0.0331195
0 0.553183 0.656842 0.0226563 0.0337817
0 0.283517 0.765991 0.0218201 0.0282361
0 0.300972 0.858076 0.0233185 0.0295186
0 0.538837 0.855232 0.0230896 0.0286593
0 0.392118 0.832036 0.0213986 0.0298449
0 0.459991 0.825004 0.018214 0.0286669
0 0.552343 0.692844 0.0238068 0.0315847
0 0.397086 0.65622 0.0228125 0.0313815
0 0.426588 0.704839 0.0229843 0.0336625
0 0.222505 0.60084 0.0255932 0.0335632
0 0.255577 0.84485 0.0203797 0.0311509
0 0.370831 0.827949 0.0202562 0.0289467
0 0.595238 0.81282 0.0222517 0.0312856
0 0.241579 0.803491 0.0224068 0.0274147
0 0.340651 0.643226 0.0233919 0.0306582
0 0.555334 0.753349 0.0237774 0.0300641
0 0.488902 0.758698 0.022278 0.0316976
0 0.377937 0.624553 0.0250256 0.0335269
0 0.521178 0.819727 0.0217171 0.028797
0 0.495831 0.636137 0.0241806 0.0283123
0 0.255445 0.672542 0.0217098 0.030688
0 0.496571 0.601248 0.0254392 0.0312197
0 0.420098 0.783552 0.026132 0.0283785
0 0.625197 0.850085 0.0240879 0.0348765
0 0.234127 0.765952 0.023058 0.0322462
0 0.311633 0.701175 0.0238188 0.0310557
0 0.593768 0.760514 0.0243536 0.0314316
0 0.417489 0.821836 0.0236582 0.0296117
0 0.544207 0.881004 0.0224376 0.0261696
0 0.688271 0.671291 0.021794 0.0299268
0 0.56852 0.870008 0.0224665 0.034886
0 0.217844 0.657473 0.0230967 0.0320468
0 0.621032 0.719085 0.024502 0.0292298
0 0.284099 0.633841 0.0248777 0.0296237
0 0.419255 0.746802 0.0238026 0.0300669
0 0.267054 0.816667 0.0218455 0.029867
0 0.625746 0.765871 0.0225596 0.0311399
0 0.460947 0.681308 0.022853 0.0364695
0 0.351046 0.702759 0.0244143 0.0333883
0 0.258163 0.613059 0.0255671 0.03091
0 0.30681 0.64211 0.0222703 0.0291735
0 0.307618 0.777848 0.0252568 0.030243
0 0.257382 0.711508 0.0214895 0.0317568
0 0.566668 0.827207 0.0216393 0.0311064
0 0.380284 0.762406 0.0248311 0.0292552
0 0.365992 0.650162 0.0185433 0.0278717
0 0.283172 0.842497 0.0229631 0.0299978
0 0.463304 0.616345 0.0230728 0.0307147
0 0.282167 0.734039 0.0227478 0.0283893
0 0.493329 0.728392 0.0219318 0.0262624
0 0.486062 0.704812 0.0207352 0.0317116
0 0.329427 0.615989 0.0262 0.0334618
0 0.62191 0.659287 0.0264221 0.0317
0 0.431777 0.64572 0.0229143 0.0311768
0 0.301254 0.672142 0.0235442 0.029778
0 0.33057 0.719161 0.0226478 0.0262021
0 0.517516 0.674436 0.022403 0.0298436
0 0.506901 0.797697 0.0219585 0.0298367
0 0.285339 0.702824 0.0251398 0.0302755
0 0.439852 0.811613 0.0230619 0.0292274
0 0.615769 0.802748 0.0201742 0.0320047
0 0.467003 0.725815 0.0230845 0.0273834
0 0.241644 0.644045 0.0248427 0.0324669
0 0.587693 0.715495 0.0199905 0.0317131
0 0.365575 0.794496 0.023112 0.0293388
0 0.510412 0.705131 0.0208546 0.0305194
0 0.483206 0.792842 0.0226195 0.0303339
0 0.235375 0.693084 0.0230219 0.0317184
0 0.441084 0.842584 0.0209518 0.0263812
0 0.25453 0.776498 0.0246164 0.0310205
0 0.398082 0.688217 0.0232651 0.0330885
0 0.352724 0.735536 0.0229248 0.0280301
0 0.210986 0.550418 0.0251386 0.031673
0 0.642876 0.804392 0.0258469 0.0325473
0 0.419201 0.674231 0.0217819 0.026423
0 0.55652 0.798724 0.0252503 0.0316826
0 0.347751 0.821188 0.0264365 0.0285777
0 0.486481 0.822407 0.0244085 0.0301107
0 0.339764 0.792973 0.023383 0.0290604
0 0.577829 0.657088 0.0230934 0.0321579
0 0.259598 0.743397 0.022951 0.0300348
0 0.606287 0.745919 0.0199537 0.0340646
0 0.293036 0.811156 0.0238607 0.0307777
0 0.534705 0.741087 0.0228423 0.0308136
0 0.612988 0.686285 0.0213097 0.0296427
0 0.374649 0.680928 0.022663 0.0302094
0 0.328942 0.841793 0.0187765 0.0283749
0 0.568706 0.718835 0.0222956 0.03003
0 0.465109 0.849024 0.0228352 0.0232799
0 0.532343 0.703306 0.0233852 0.0285442
0 0.329717 0.762124 0.0236193 0.030489
0 0.633059 0.690539 0.0196007 0.0262057
0 0.346107 0.673626 0.024519 0.0259462
0 0.587339 0.835795 0.0206932 0.0252632
0 0.494711 0.67731 0.0226943 0.032096
0 0.353503 0.76413 0.0225867 0.0290631
0 0.324486 0.670518 0.0189787 0.027125
0 0.448463 0.709372 0.0216523 0.0297389
0 0.236234 0.725992 0.0260074 0.0243698
0 0.528948 0.790067 0.0194393 0.0329341
0 0.378571 0.72783 0.024511 0.0307102
0 0.330149 0.667557 0.0197071 0.0250076
0 0.485078 0.809952 0.0242123 0.0124914
0 0.54299 0.826206 0.0195253 0.0288116
0 0.32486 0.809029 0.0220286 0.0294497
0 0.37287 0.856238 0.0182791 0.0222059
0 0.349268 0.84896 0.0225549 0.0269925
0 0.27457 0.866726 0.0236125 0.0283999
0 0.488296 0.844542 0.0211996 0.0250024
0 0.624717 0.888303 0.0211929 0.030312
0 0.369253 0.652367 0.0198241 0.0316371
0 0.532723 0.698757 0.0246666 0.0299942
0 0.60686 0.80764 0.0246815 0.0307574
0 0.44026 0.816313 0.021105 0.03037
