0 0.465838 0.707371 0.0218636 0.0281117
0 0.425306 0.737132 0.0259956 0.0325535
0 0.426488 0.854168 0.0230817 0.0272113
0 0.370882 0.618725 0.0247467 0.0317294
0 0.536892 0.889241 0.0233068 0.0304666
0 0.449225 0.849904 0.0220428 0.0314384
0 0.304837 0.668147 0.0237831 0.0324275
0 0.310856 0.697577 0.0209876 0.0286931
0 0.639571 0.789006 0.0234786 0.0305118
0 0.633652 0.821801 0.0215326 0.0296755
0 0.575582 0.842509 0.0225227 0.0286622
0 0.267367 0.626649 0.0221303 0.0282702
0 0.362609 0.689191 0.0257964 0.0316419
0 0.59199 0.891865 0.0216667 0.032038
0 0.327139 0.638305 0.0237154 0.0301263
0 0.334632 0.833129 0.0240209 0.0317818
0 0.444291 0.698705 0.022981 0.0323074
0 0.488667 0.708188 0.0238606 0.0303126
0 0.285914 0.644673 0.0227226 0.0314624
0 0.56597 0.776069 0.0236094 0.0320221
0 0.417721 0.641145 0.0257443 0.0322222
0 0.389021 0.63819 0.0247679 0.0306493
0 0.620839 0.763524 0.0251189 0.0317787
0 0.328868 0.675899 0.0238183 0.0298719
0 0.510928 0.766128 0.0216269 0.0312879
0 0.459707 0.801212 0.0242019 0.0308304
0 0.5085 0.860894 0.0241177 0.0301254
0 0.508907 0.796592 0.0215862 0.032256
0 0.481607 0.861314 0.024485 0.0278817
0 0.594071 0.778702 0.0222486 0.0303964
0 0.260622 0.84697 0.0235685 0.032728
0 0.512944 0.712951 0.0256435 0.0350648
0 0.571515 0.653136 0.022615 0.0306231
0 0.429202 0.81708 0.0226202 0.0322395
0 0.381571 0.829888 0.0204388 0.0314224
0 0.533081 0.626193 0.0234394 0.0345485
0 0.489735 0.767662 0.0207684 0.0312123
0 0.315753 0.872297 0.023598 0.0313973
0 0.405492 0.765241 0.0234276 0.031184
0 0.437969 0.666976 0.0250106 0.0309403
0 0.257316 0.813642 0.0227706 0.0281024
0 0.227223 0.665985 0.0262773 0.0338321
0 0.307152 0.630479 0.0214653 0.0336273
0 0.418378 0.687465 0.0224013 0.0282234
0 0.439447 0.623711 0.0243839 0.0304197
0 0.609681 0.800815 0.0238554 0.0305036
0 0.407737 0.71346 0.025635 0.0316678
0 0.360462 0.794076 0.0227592 0.0316737
0 0.483733 0.798305 0.0217527 0.0309202
0 0.38819 0.797475 0.0220517 0.0302929
0 0.236405 0.761701 0.0238101 0.0294757
0 0.359451 0.833914 0.0234449 0.0273477
0 0.245441 0.790464 0.0201245 0.0275284
0 0.563092 0.719178 0.0238325 0.0310903
0 0.236908 0.697388 0.0226764 0.0268471
0 0.469753 0.836207 0.0204169 0.0283724
0 0.654747 0.694312 0.0226009 0.0324517
0 0.530977 0.813503 0.0232864 0.0309845
0 0.599909 0.749557 0.0237642 0.0298318
0 0.467178 0.769895 0.0236893 0.0327181
0 0.600845 0.833357 0.0228836 0.0302158
0 0.36287 0.883758 0.022661 0.0322027
0 0.30521 0.829496 0.0238369 0.031178
0 0.291291 0.856507 0.0222607 0.0273603
0 0.2156 0.639502 0.021282 0.0306234
0 0.487075 0.655477 0.0250475 0.0312179
0 0.581715 0.810612 0.0254546 0.03265
0 0.286684 0.796839 0.0230058 0.0319954
0 0.339781 0.774025 0.0222188 0.026121
0 0.538435 0.712289 0.0236069 0.0303874
0 0.259437 0.740869 0.0227634 0.0303589
0 0.266286 0.776036 0.0223709 0.0299706
0 0.40388 0.846382 0.0221681 0.0293605
0 0.351797 0.720334 0.0237256 0.0324974
0 0.368278 0.658331 0.0239686 0.0310791
0 0.288271 0.610035 0.0241067 0.0350939
0 0.652212 0.728308 0.0248634 0.0309443
0 0.619518 0.70693 0.0213766 0.0308234
0 0.355532 0.759245 0.023555 0.0347878
0 0.46941 0.614559 0.023793 0.0332307
0 0.387691 0.68553 0.0240925 0.031484
0 0.282609 0.733583 0.0231325 0.0294767
0 0.573443 0.746069 0.0240511 0.0280489
0 0.63613 0.884123 0.0218924 0.0306009
0 0.260975 0.709349 0.0223855 0.0302649
0 0.238322 0.618659 0.0239807 0.0307719
0 0.250577 0.646896 0.0219829 0.0253006
0 0.307109 0.737021 0.021151 0.0300337
0 0.380249 0.767768 0.0245166 0.0306928
0 0.588468 0.721195 0.0257366 0.0292931
0 0.380237 0.733873 0.0239457 0.031042
0 0.216465 0.60461 0.0226005 0.0329653
0 0.252726 0.675197 0.0226141 0.0296685
0 0.278206 0.675934 0.0228897 0.0299459
0 0.539377 0.681701 0.0249334 0.0308907
0 0.405118 0.819602 0.0240843 0.0281771
0 0.314227 0.764657 0.0229788 0.0280561
0 0.645527 0.756084 0.0213322 0.0236526
0 0.331113 0.70617 0.0209091 0.027833
0 0.540752 0.770307 0.0235542 0.0282987
0 0.528927 0.741461 0.0228653 0.0306326
0 0.461702 0.645841 0.02279 0.0291832
0 0.279184 0.826961 0.0224477 0.0297019
0 0.491914 0.604475 0.0243387 0.0347583
0 0.454621 0.738107 0.0229694 0.0340487
0 0.284767 0.703191 0.0249367 0.0295123
0 0.553515 0.802073 0.0235245 0.0314451
0 0.549633 0.835326 0.0198105 0.028154
0 0.500086 0.680678 0.0245686 0.0293076
0 0.309853 0.798654 0.0242161 0.028955
0 0.567347 0.867673 0.0239368 0.0305217
0 0.40303 0.664798 0.024234 0.0280916
0 0.236897 0.727125 0.0245407 0.0287998
0 0.414265 0.604466 0.0250576 0.0324891
0 0.517766 0.84333 0.0237156 0.0258912
0 0.330807 0.746203 0.0215526 0.0370138
0 0.291132 0.763154 0.0230845 0.0318949
0 0.468778 0.677467 0.0237314 0.030191
0 0.341977 0.865117 0.0226575 0.0339783
0 0.610655 0.873211 0.0229476 0.0317727
0 0.392921 0.680495 0.0230956 0.0257313
0 0.493471 0.384008 0.0114372 0.0191625
0 0.49294 0.378635 0.0129347 0.0221694
0 0.533398 0.716907 0.0238457 0.0326316
0 0.494992 0.353469 0.0101772 0.0163046
0 0.5397 0.765559 0.0223482 0.0244352
0 0.447315 0.121731 0.0116434 0.0153455
