0 0.465766 0.707485 0.0218726 0.0279906
0 0.424971 0.73739 0.0261243 0.0326982
0 0.426309 0.854245 0.0233712 0.0278243
0 0.370506 0.618542 0.0245428 0.0318527
0 0.536819 0.889373 0.023267 0.0304263
0 0.310665 0.697732 0.0208986 0.0288002
0 0.304521 0.668374 0.0239665 0.032688
0 0.591834 0.892 0.0215738 0.0317418
0 0.449128 0.849936 0.0219856 0.0314354
0 0.639362 0.789169 0.0233125 0.030558
0 0.327007 0.638491 0.0236876 0.030249
0 0.267197 0.626942 0.0221505 0.0284795
0 0.6335 0.821719 0.0214804 0.0297797
0 0.444143 0.698808 0.0232193 0.0321529
0 0.575446 0.842466 0.0225428 0.0285535
0 0.362372 0.68945 0.0257547 0.0317259
0 0.62069 0.763809 0.0248325 0.0319274
0 0.328588 0.675896 0.0237154 0.0299681
0 0.565746 0.776151 0.0238115 0.0321287
0 0.488586 0.708342 0.0236357 0.0302625
0 0.334613 0.833463 0.0239164 0.0314084
0 0.285744 0.64491 0.0229163 0.0317548
0 0.388755 0.638235 0.0248753 0.0303978
0 0.510928 0.766199 0.0214494 0.0312136
0 0.459709 0.801283 0.024147 0.0308384
0 0.508165 0.861032 0.0238735 0.0302185
0 0.41751 0.641532 0.0256406 0.0316317
0 0.481448 0.861481 0.0246978 0.0281807
0 0.509015 0.79666 0.0217794 0.0321729
0 0.428911 0.817133 0.0224848 0.0323217
0 0.57127 0.653446 0.0227207 0.0309662
0 0.59395 0.778714 0.0223669 0.0305728
0 0.22694 0.666096 0.0262895 0.0337608
0 0.381282 0.829891 0.0204242 0.0314372
0 0.489695 0.767735 0.0208323 0.0312853
0 0.533106 0.62623 0.0234427 0.0345642
0 0.437617 0.667264 0.0249568 0.0311556
0 0.260528 0.846928 0.0237036 0.0327437
0 0.512716 0.713221 0.0258551 0.035232
0 0.405013 0.765637 0.0232071 0.0312982
0 0.407479 0.713733 0.0255392 0.031926
0 0.307015 0.63067 0.0214761 0.0338491
0 0.417972 0.687544 0.0222898 0.0279195
0 0.257125 0.813658 0.0229642 0.0280261
0 0.439255 0.624002 0.0246787 0.0303769
0 0.315425 0.87269 0.0234712 0.0315236
0 0.236188 0.761748 0.0237775 0.0298653
0 0.360358 0.794352 0.0231737 0.0322879
0 0.236794 0.696796 0.0219665 0.0276609
0 0.387808 0.798063 0.0222923 0.0303244
0 0.245277 0.790737 0.0200216 0.0274947
0 0.609534 0.800913 0.0237963 0.0305941
0 0.483665 0.798438 0.0217558 0.0308628
0 0.359177 0.834153 0.0234295 0.0273097
0 0.215257 0.639511 0.0210723 0.0302279
0 0.286478 0.796918 0.0227552 0.0317787
0 0.563032 0.719393 0.0238188 0.0311391
0 0.530928 0.813637 0.0233681 0.0311305
0 0.599937 0.749588 0.0237579 0.0298073
0 0.654707 0.694492 0.0225731 0.0325287
0 0.387268 0.68576 0.0236376 0.0310941
0 0.467106 0.770041 0.0235306 0.0328158
0 0.469624 0.836135 0.0204126 0.0285734
0 0.60084 0.833497 0.0227457 0.0302666
0 0.581576 0.810642 0.0253751 0.0325422
0 0.291048 0.856086 0.0225206 0.0280126
0 0.266027 0.776438 0.0222343 0.0302015
0 0.403614 0.846497 0.0222527 0.0297041
0 0.53836 0.712524 0.0237099 0.0305041
0 0.486889 0.655632 0.0249006 0.0313675
0 0.259229 0.741267 0.0226816 0.0301356
0 0.652014 0.728338 0.024747 0.0309575
0 0.355332 0.759594 0.0235999 0.0346746
0 0.304828 0.829581 0.0239493 0.0312454
0 0.261022 0.70971 0.0224639 0.0303926
0 0.351649 0.720803 0.0235471 0.0323234
0 0.573347 0.746198 0.024114 0.0280223
0 0.367818 0.658568 0.0237148 0.030599
0 0.469315 0.614432 0.0236547 0.0332578
0 0.237954 0.618742 0.0240743 0.0303841
0 0.635972 0.884114 0.0220054 0.0304584
0 0.284644 0.703273 0.0246917 0.0291791
0 0.2502 0.646455 0.0211013 0.0267878
0 0.588337 0.721312 0.0257136 0.029451
0 0.619479 0.707297 0.0214321 0.0307533
0 0.288133 0.6101 0.0242759 0.0351262
0 0.306956 0.737259 0.0210968 0.0300985
0 0.339019 0.774002 0.0224632 0.0270697
0 0.539304 0.681904 0.024897 0.0309636
0 0.216256 0.604742 0.0225148 0.0329741
0 0.362634 0.884089 0.0228785 0.0324687
0 0.380154 0.76805 0.0245209 0.0305372
0 0.379998 0.734357 0.0236856 0.0307363
0 0.404934 0.819869 0.0239509 0.0274671
0 0.277988 0.676224 0.0228688 0.0300822
0 0.330859 0.706724 0.0210263 0.0277677
0 0.540658 0.770427 0.023301 0.0281031
0 0.278805 0.82714 0.0219507 0.0291505
0 0.282295 0.733943 0.0228917 0.0296484
0 0.645538 0.756196 0.0214104 0.0238351
0 0.461601 0.645882 0.0227659 0.0293332
0 0.252534 0.675558 0.0226978 0.0299459
0 0.313968 0.764535 0.0231117 0.028496
0 0.454551 0.73835 0.0227947 0.0340643
0 0.491729 0.604528 0.0240962 0.0346697
0 0.470039 0.140563 0.0115651 0.0156297
0 0.55339 0.802311 0.0234264 0.0312904
0 0.499887 0.680928 0.0245558 0.0292066
0 0.549523 0.835439 0.0198772 0.0283958
0 0.413993 0.60467 0.025321 0.0324037
0 0.528812 0.741524 0.0228294 0.0302303
0 0.517812 0.84323 0.0235245 0.0258067
0 0.291004 0.763172 0.0231698 0.0317798
0 0.330651 0.746188 0.0213218 0.0368698
0 0.402284 0.665019 0.0228874 0.029085
0 0.567282 0.867626 0.023982 0.0306766
0 0.236692 0.727261 0.0245449 0.0292381
0 0.31016 0.798965 0.0236666 0.0300062
0 0.468556 0.677708 0.0238667 0.0304471
0 0.341668 0.865554 0.0230436 0.0339644
0 0.432707 0.106073 0.0131275 0.0184196
0 0.61044 0.873403 0.0227951 0.0319412
0 0.433448 0.163035 0.0119059 0.0152198
0 0.394144 0.679168 0.0225292 0.0258335
0 0.452224 0.143775 0.0141895 0.0173674
0 0.41934 0.13576 0.0117197 0.0185498
0 0.403024 0.120958 0.0119896 0.0146196
0 0.533846 0.714869 0.0239569 0.0332202
0 0.393249 0.156535 0.0115324 0.017506
0 0.439877 0.1288 0.0125698 0.0148139
0 0.42904 0.120764 0.0116936 0.0176031
0 0.383934 0.145318 0.0117183 0.0150561
0 0.391441 0.12779 0.0105268 0.0153143
0 0.539666 0.76581 0.0221649 0.0247874
0 0.415375 0.122077 0.0118414 0.0148433
