0 0.357945 0.67289 0.0229947 0.0308309
0 0.554302 0.8054 0.0246323 0.0330443
0 0.442815 0.689437 0.0232006 0.0318756
0 0.296361 0.634133 0.0204795 0.0307582
0 0.275329 0.70144 0.0208526 0.0309625
0 0.4184 0.709898 0.023279 0.0297
0 0.627794 0.809299 0.0222832 0.0300873
0 0.456563 0.846071 0.0219875 0.0310871
0 0.4841 0.858639 0.0213896 0.0246202
0 0.5451 0.712292 0.0212263 0.0257176
0 0.267416 0.608901 0.021283 0.0299489
0 0.375213 0.65052 0.0232021 0.0318598
0 0.285307 0.802369 0.0213046 0.0310745
0 0.256082 0.670664 0.0204304 0.02475
0 0.440359 0.774498 0.0232462 0.0294842
0 0.479671 0.831429 0.0195904 0.027627
0 0.645336 0.691106 0.0229417 0.0337336
0 0.292899 0.861914 0.0171954 0.0315202
0 0.442514 0.721247 0.0243518 0.0284838
0 0.457745 0.741241 0.0219669 0.0311307
0 0.632779 0.777223 0.0227261 0.0288043
0 0.511168 0.757939 0.0197957 0.0321576
0 0.594936 0.887315 0.0241802 0.0323425
0 0.639823 0.743679 0.0240757 0.0318766
0 0.264507 0.842263 0.0197017 0.0272836
0 0.40077 0.64849 0.0233849 0.032577
0 0.364857 0.567421 0.0241768 0.0317796
0 0.457215 0.664572 0.026623 0.031869
0 0.370492 0.706218 0.0265049 0.0338706
0 0.547801 0.871552 0.0229851 0.0322627
0 0.2696 0.772202 0.0212311 0.02854
0 0.577842 0.835248 0.0241652 0.0269288
0 0.308036 0.79699 0.0216649 0.0292228
0 0.500724 0.838937 0.0233479 0.0341785
0 0.296214 0.690995 0.0222311 0.0276984
0 0.244278 0.700749 0.0249012 0.0270991
0 0.434948 0.856577 0.021482 0.0290412
0 0.404232 0.736096 0.0236329 0.0281115
0 0.572949 0.868822 0.0185579 0.0313745
0 0.479299 0.788626 0.0226126 0.0291287
0 0.42873 0.639553 0.0258183 0.032228
0 0.368382 0.858199 0.0237185 0.0239527
0 0.623048 0.839568 0.0221336 0.0283852
0 0.587283 0.796933 0.0251597 0.0296832
0 0.421971 0.668544 0.0230064 0.0296277
0 0.324347 0.737808 0.0250294 0.0268808
0 0.503542 0.696596 0.019729 0.0325381
0 0.40852 0.764884 0.0249295 0.0316704
0 0.353913 0.601338 0.0233806 0.0316789
0 0.406475 0.688109 0.0198479 0.0286708
0 0.228645 0.643939 0.0236512 0.0312181
0 0.305952 0.558474 0.0252857 0.0326604
0 0.415622 0.8356 0.0239424 0.0299887
0 0.242627 0.731142 0.0217867 0.0297011
0 0.50421 0.872874 0.022336 0.0311329
0 0.355545 0.631776 0.0222579 0.0303032
0 0.477298 0.744811 0.0194928 0.0329725
0 0.383159 0.782498 0.0227312 0.0317947
0 0.503167 0.797442 0.0216707 0.033979
0 0.236378 0.676029 0.0179392 0.0255224
0 0.344851 0.845742 0.0216564 0.0326569
0 0.339705 0.651829 0.0232531 0.0319855
0 0.392488 0.849392 0.0191298 0.027288
0 0.458475 0.81642 0.0201937 0.0248171
0 0.249625 0.790067 0.0231388 0.0269356
0 0.34679 0.748948 0.0231928 0.0297511
0 0.30419 0.663448 0.0198134 0.02674
0 0.61698 0.688393 0.0209904 0.0314763
0 0.56402 0.732395 0.0209551 0.0284945
0 0.580255 0.679281 0.023489 0.0266495
0 0.53952 0.742538 0.0211744 0.029493
0 0.602675 0.85636 0.0244875 0.0313478
0 0.322907 0.676812 0.0211819 0.0289698
0 0.217624 0.611953 0.0185169 0.033181
0 0.435427 0.746967 0.0229347 0.0260515
0 0.477448 0.645942 0.0220079 0.0323771
0 0.251293 0.761192 0.0238095 0.028787
0 0.561877 0.768147 0.0208608 0.0320346
0 0.596316 0.702597 0.0219931 0.0262024
0 0.238966 0.607779 0.022436 0.0321607
0 0.340666 0.575226 0.0227306 0.0307994
0 0.33424 0.804194 0.0249645 0.0348465
0 0.529582 0.656882 0.023049 0.0293152
0 0.343635 0.699433 0.0228518 0.0335159
0 0.497773 0.727253 0.0240271 0.0323886
0 0.261907 0.816745 0.0225387 0.0237427
0 0.437944 0.825647 0.0202026 0.0285601
0 0.377533 0.689785 0.024634 0.0302088
0 0.432744 0.163312 0.0112019 0.0166819
0 0.404964 0.797649 0.0219547 0.0329951
0 0.300434 0.730507 0.0208343 0.0266435
0 0.281327 0.668718 0.0201445 0.0318766
0 0.265004 0.730385 0.0235732 0.0336525
0 0.456512 0.632499 0.0235979 0.030435
0 0.314345 0.865067 0.0221599 0.0266389
0 0.317963 0.637737 0.0216298 0.0286219
0 0.311128 0.762796 0.0207343 0.0295616
0 0.529672 0.780571 0.0243208 0.0353363
0 0.576295 0.709344 0.0188799 0.0267588
0 0.428831 0.802109 0.0231743 0.0276779
0 0.379951 0.825504 0.0208578 0.0364693
0 0.294623 0.603461 0.0179719 0.0306274
0 0.607512 0.783724 0.0208677 0.0253282
0 0.522929 0.686281 0.0215765 0.0282801
0 0.616432 0.72635 0.0235895 0.0292981
0 0.322162 0.708537 0.0229733 0.0303942
0 0.219147 0.616505 0.0173677 0.0260195
0 0.525181 0.814918 0.0233555 0.0258179
0 0.250766 0.643418 0.0232244 0.0293566
0 0.525459 0.848461 0.0208342 0.0325169
0 0.524185 0.724077 0.0199078 0.0284253
0 0.586694 0.740666 0.0195326 0.0272143
0 0.429308 0.120002 0.0131778 0.019569
0 0.410342 0.130975 0.0130409 0.0182377
0 0.361339 0.775718 0.0237925 0.0281573
0 0.543943 0.693249 0.0205256 0.0289044
0 0.471738 0.112209 0.0117034 0.0163799
0 0.289303 0.758395 0.0220364 0.0283437
0 0.544107 0.834648 0.0224309 0.0305224
0 0.315421 0.829633 0.0235205 0.0265691
0 0.394476 0.125068 0.0119209 0.015779
0 0.364608 0.822015 0.0254059 0.0344571
0 0.611948 0.755816 0.0233934 0.0259725
0 0.418379 0.105483 0.0115827 0.0168837
0 0.566203 0.735101 0.0221869 0.032534
0 0.446942 0.0943862 0.0122751 0.0153873
0 0.473318 0.743631 0.0264106 0.0338707
0 0.584085 0.767673 0.0216346 0.0272987
0 0.437174 0.75145 0.0239248 0.0275017
0 0.602657 0.8109 0.0215909 0.0278595
0 0.46034 0.661597 0.0236557 0.0304323
0 0.618761 0.88177 0.0159929 0.0269631
0 0.539928 0.681962 0.0169559 0.0240412
0 0.457473 0.357531 0.0105395 0.020009
0 0.379668 0.158051 0.0123254 0.0157523
0 0.409303 0.685748 0.0228467 0.0339601
0 0.441375 0.106811 0.0113052 0.011302
0 0.435355 0.144918 0.0111839 0.0147517
