0 0.629314 0.828835 0.0221884 0.0266416
0 0.402152 0.836694 0.0243273 0.0293419
0 0.426512 0.834209 0.0233206 0.0296252
0 0.427165 0.755357 0.0234993 0.0303856
0 0.449299 0.756238 0.0214827 0.0303487
0 0.393888 0.705052 0.0204702 0.0303314
0 0.47502 0.847704 0.0235572 0.0314126
0 0.379266 0.840917 0.0214792 0.0264168
0 0.609772 0.675523 0.0234287 0.0279869
0 0.480547 0.786065 0.0233975 0.0283891
0 0.523125 0.852942 0.0222429 0.0304394
0 0.340673 0.860039 0.0215705 0.0287565
0 0.457202 0.787635 0.0222986 0.0291519
0 0.366347 0.858797 0.0233479 0.0258354
0 0.499834 0.850345 0.0212838 0.0314674
0 0.357859 0.674261 0.0219867 0.0296008
0 0.64407 0.742862 0.0244482 0.0297379
0 0.331728 0.792399 0.0211491 0.0315681
0 0.353312 0.836592 0.0235191 0.030015
0 0.624032 0.763402 0.0234243 0.0311139
0 0.409806 0.731382 0.0237019 0.0310374
0 0.550038 0.86465 0.0207937 0.0286602
0 0.29373 0.749886 0.0230782 0.0322098
0 0.350907 0.760632 0.0241695 0.0293808
0 0.417882 0.861774 0.0232146 0.0304762
0 0.550338 0.771987 0.0226113 0.0314751
0 0.302967 0.652502 0.024005 0.0322128
0 0.386264 0.814606 0.0228936 0.0291241
0 0.404172 0.762522 0.0230383 0.0300011
0 0.556301 0.80454 0.0225748 0.0295888
0 0.246813 0.796082 0.0218343 0.030393
0 0.34202 0.732581 0.023014 0.0293854
0 0.51332 0.819446 0.0238417 0.0283958
0 0.319556 0.702381 0.0234496 0.0322673
0 0.259338 0.822621 0.0234709 0.0300585
0 0.29934 0.839653 0.0212783 0.0305732
0 0.442931 0.81587 0.0226696 0.0267059
0 0.280856 0.631569 0.0188148 0.0294388
0 0.450249 0.668229 0.0251199 0.0325467
0 0.230651 0.629961 0.024005 0.0328551
0 0.370371 0.701237 0.022254 0.0319593
0 0.473147 0.72192 0.0235666 0.0313484
0 0.573164 0.760059 0.0210638 0.0272764
0 0.371225 0.598975 0.0248816 0.0306404
0 0.562613 0.841887 0.0227391 0.0315631
0 0.615067 0.850584 0.023697 0.0321749
0 0.631427 0.688412 0.0214665 0.0293419
0 0.238555 0.765366 0.0249252 0.0300583
0 0.220682 0.660485 0.0226673 0.0303904
0 0.393175 0.865603 0.0228414 0.0276504
0 0.331446 0.830997 0.0196685 0.0278908
0 0.573263 0.880308 0.021953 0.0285502
0 0.263197 0.730562 0.0256016 0.0315773
0 0.65084 0.664646 0.0230547 0.0322545
0 0.581043 0.705775 0.0224813 0.0330787
0 0.587357 0.846011 0.0228088 0.0296623
0 0.527142 0.762601 0.0238289 0.0300133
0 0.45844 0.693604 0.0221157 0.0284958
0 0.53856 0.82217 0.0256065 0.0298032
0 0.489983 0.819852 0.0223278 0.0300002
0 0.39567 0.676102 0.0225843 0.0291582
0 0.506424 0.789581 0.0252439 0.0286833
0 0.378478 0.653218 0.0228793 0.0313734
0 0.407298 0.65058 0.0227999 0.0316002
0 0.504818 0.725974 0.0217619 0.030248
0 0.419123 0.677208 0.0220449 0.0321243
0 0.293699 0.783066 0.0234874 0.029438
0 0.362841 0.625751 0.0235133 0.0293592
0 0.6375 0.798984 0.0215645 0.0292843
0 0.604024 0.825335 0.0238431 0.028868
0 0.602557 0.732714 0.0222458 0.0312393
0 0.564909 0.735489 0.0247408 0.0306229
0 0.485318 0.690882 0.0241507 0.0295046
0 0.443907 0.857787 0.0221607 0.0288541
0 0.316253 0.735798 0.0234813 0.0315941
0 0.319017 0.860363 0.0202825 0.0308631
0 0.354134 0.791198 0.0241064 0.0285617
0 0.331692 0.670357 0.0253441 0.0311447
0 0.36448 0.732874 0.02481 0.0327906
0 0.498862 0.758255 0.0249998 0.031735
0 0.232542 0.689582 0.0209287 0.031072
0 0.584153 0.788246 0.0227043 0.0293332
0 0.345577 0.646777 0.0230021 0.0296665
0 0.253803 0.640598 0.0244904 0.0310482
0 0.47433 0.758271 0.0237688 0.0281713
0 0.467414 0.818101 0.02202 0.0292131
0 0.555554 0.679062 0.0254253 0.0360897
0 0.594137 0.87846 0.0198263 0.0299868
0 0.275358 0.664376 0.0241253 0.0307007
0 0.300644 0.683906 0.0217092 0.0270004
0 0.267347 0.763357 0.0241878 0.0272326
0 0.315713 0.767939 0.0223564 0.0288422
0 0.252071 0.669436 0.0230127 0.0288257
0 0.580404 0.820587 0.0227974 0.0274783
0 0.284997 0.814379 0.0215929 0.0276057
0 0.429887 0.701678 0.0232003 0.0258723
0 0.494102 0.6618 0.0256866 0.0326833
0 0.403235 0.795121 0.0243227 0.0326927
0 0.624913 0.718532 0.0222482 0.028152
0 0.313436 0.81391 0.0261504 0.0303888
0 0.38837 0.626523 0.0230211 0.0295603
0 0.643707 0.770141 0.0163765 0.0252593
0 0.295455 0.717267 0.0225696 0.0340248
0 0.606352 0.702253 0.0227184 0.0286337
0 0.531748 0.729212 0.0245436 0.0279526
0 0.400475 0.594714 0.0242406 0.0315899
0 0.61538 0.795823 0.0242264 0.0304091
0 0.449172 0.722069 0.0213255 0.0332675
0 0.532928 0.7926 0.0230059 0.0284597
0 0.425425 0.628886 0.0239643 0.0343793
0 0.601022 0.766012 0.0230141 0.0280604
0 0.253565 0.700636 0.0234174 0.0309837
0 0.279268 0.695785 0.0233432 0.0301732
0 0.270255 0.79114 0.0218326 0.0272311
0 0.657266 0.713805 0.0233183 0.0316177
0 0.592509 0.654519 0.0225979 0.0319292
0 0.382138 0.775389 0.0236016 0.0322856
0 0.299631 0.617119 0.0250039 0.0271717
0 0.345879 0.701512 0.0252539 0.030245
0 0.30584 0.725315 0.0166305 0.0306224
0 0.380398 0.577141 0.0157606 0.0174639
0 0.416935 0.680523 0.0186678 0.0277662
