0 0.205625 0.274305 0.022500 0.045833
0 0.208750 0.320138 0.022500 0.043055
0 0.220625 0.364583 0.023750 0.054167
0 0.246875 0.331250 0.022500 0.054167
0 0.265000 0.372917 0.022500 0.048612
0 0.280938 0.274305 0.023125 0.045833
0 0.280000 0.321528 0.025000 0.048612
0 0.229687 0.410417 0.024375 0.051388
0 0.251875 0.433333 0.023750 0.052778
0 0.227813 0.463195 0.024375 0.045833
0 0.228750 0.518750 0.020000 0.051388
0 0.241563 0.575695 0.018125 0.059722
0 0.267500 0.579862 0.022500 0.051388
0 0.250937 0.487500 0.021875 0.055555
0 0.269062 0.523612 0.023125 0.052778
0 0.274375 0.475000 0.025000 0.055555
0 0.277813 0.423612 0.021875 0.052778
0 0.301250 0.425000 0.023750 0.050000
0 0.299687 0.472222 0.024375 0.047222
0 0.276562 0.643750 0.023125 0.056945
0 0.307500 0.565278 0.023750 0.044445
0 0.294063 0.521528 0.024375 0.040278
0 0.322188 0.519445 0.024375 0.047222
0 0.324062 0.470833 0.023125 0.050000
0 0.312812 0.372917 0.024375 0.040278
0 0.321562 0.276388 0.020625 0.050000
0 0.345625 0.277083 0.025000 0.051388
0 0.331562 0.328472 0.021875 0.045833
0 0.342813 0.377778 0.021875 0.047222
0 0.359063 0.343055 0.023125 0.050000
0 0.368125 0.243055 0.023750 0.050000
0 0.368437 0.293750 0.020625 0.051388
0 0.389062 0.288195 0.021875 0.054167
0 0.386250 0.342362 0.022500 0.054167
0 0.241875 0.763888 0.026250 0.041667
0 0.255000 0.720833 0.021250 0.052778
0 0.290938 0.729167 0.023125 0.052778
0 0.314063 0.720138 0.021875 0.054167
0 0.320000 0.650000 0.025000 0.050000
0 0.345313 0.568750 0.024375 0.054167
0 0.346562 0.515278 0.023125 0.052778
0 0.368437 0.520833 0.020625 0.050000
0 0.377500 0.472917 0.023750 0.045833
0 0.344687 0.433333 0.020625 0.055555
0 0.365625 0.401388 0.023750 0.050000
0 0.396562 0.421528 0.024375 0.054167
0 0.400625 0.471528 0.022500 0.051388
0 0.389688 0.515972 0.021875 0.048612
0 0.385000 0.571528 0.023750 0.054167
0 0.365312 0.597917 0.025625 0.056945
0 0.379375 0.632638 0.022500 0.051388
0 0.375000 0.680555 0.022500 0.050000
0 0.345938 0.722917 0.023125 0.054167
0 0.335938 0.760417 0.020625 0.045833
0 0.373437 0.770138 0.025625 0.048612
0 0.407187 0.556945 0.024375 0.055555
0 0.408125 0.610417 0.022500 0.048612
0 0.402813 0.695138 0.025625 0.051388
0 0.404375 0.763195 0.022500 0.048612
0 0.423438 0.733333 0.023125 0.050000
0 0.428750 0.684722 0.021250 0.052778
0 0.451875 0.711805 0.023750 0.051388
0 0.444688 0.763195 0.021875 0.048612
0 0.467813 0.766667 0.020625 0.058333
0 0.488750 0.712500 0.023750 0.050000
0 0.495000 0.763888 0.021250 0.052778
0 0.515625 0.715278 0.021250 0.047222
0 0.517500 0.778472 0.021250 0.048612
0 0.534687 0.748612 0.020625 0.047222
0 0.554688 0.779862 0.021875 0.059722
0 0.571562 0.748612 0.016875 0.036112
0 0.579375 0.709028 0.023750 0.045833
0 0.539375 0.691667 0.023750 0.050000
0 0.556250 0.719445 0.018750 0.052778
0 0.572812 0.664583 0.025625 0.059722
0 0.606250 0.720833 0.023750 0.050000
0 0.606250 0.767362 0.023750 0.048612
0 0.626875 0.767362 0.018750 0.051388
0 0.626563 0.687500 0.021875 0.052778
0 0.627500 0.635417 0.025000 0.045833
0 0.604688 0.602778 0.023125 0.050000
0 0.624062 0.569445 0.021875 0.047222
0 0.643750 0.595833 0.023750 0.038888
0 0.648750 0.555555 0.023750 0.058333
0 0.626250 0.506250 0.021250 0.051388
0 0.595313 0.490972 0.025625 0.054167
0 0.462187 0.668750 0.024375 0.051388
0 0.503125 0.644445 0.023750 0.055555
0 0.526875 0.650695 0.026250 0.054167
0 0.548438 0.639583 0.021875 0.051388
0 0.546250 0.586112 0.022500 0.047222
0 0.448750 0.620833 0.023750 0.055555
0 0.474687 0.620138 0.021875 0.054167
0 0.489687 0.589583 0.021875 0.045833
0 0.511250 0.558333 0.025000 0.052778
0 0.534687 0.537500 0.024375 0.050000
0 0.556875 0.534722 0.022500 0.052778
0 0.433125 0.555555 0.026250 0.055555
0 0.448125 0.530555 0.020000 0.055555
0 0.469375 0.536112 0.021250 0.058333
0 0.428750 0.488888 0.023750 0.047222
0 0.449062 0.468055 0.021875 0.050000
0 0.430937 0.429167 0.021875 0.052778
0 0.433750 0.351388 0.026250 0.050000
0 0.429063 0.300000 0.023125 0.047222
0 0.457813 0.306945 0.024375 0.050000
0 0.485625 0.344445 0.023750 0.061112
0 0.455000 0.413888 0.022500 0.050000
0 0.473125 0.446528 0.023750 0.048612
0 0.491563 0.458333 0.023125 0.044445
0 0.491563 0.507638 0.024375 0.048612
0 0.519062 0.497917 0.024375 0.054167
0 0.525000 0.451388 0.026250 0.047222
0 0.543438 0.488888 0.024375 0.058333
0 0.523750 0.386112 0.023750 0.052778
0 0.567813 0.392362 0.028125 0.056945
0 0.584063 0.434028 0.024375 0.051388
0 0.615313 0.436805 0.023125 0.048612
0 0.643750 0.397917 0.023750 0.034722
