0 0.208750 0.000000 0.022500 0.012499
0 0.220625 0.046875 0.023750 0.081250
0 0.246875 0.000000 0.022500 0.037500
0 0.265000 0.059375 0.022500 0.072917
0 0.280000 0.000000 0.025000 0.018751
0 0.229687 0.115625 0.024375 0.077082
0 0.251875 0.150000 0.023750 0.079168
0 0.227813 0.194793 0.024375 0.068750
0 0.228750 0.278125 0.020000 0.077082
0 0.241563 0.363543 0.018125 0.089582
0 0.267500 0.369793 0.022500 0.077082
0 0.250937 0.231250 0.021875 0.083333
0 0.269062 0.285418 0.023125 0.079168
0 0.274375 0.212500 0.025000 0.083333
0 0.277813 0.135418 0.021875 0.079168
0 0.301250 0.137500 0.023750 0.075000
0 0.299687 0.208332 0.024375 0.070833
0 0.276562 0.465625 0.023125 0.085418
0 0.307500 0.347918 0.023750 0.066668
0 0.294063 0.282293 0.024375 0.060418
0 0.322188 0.279168 0.024375 0.070833
0 0.324062 0.206250 0.023125 0.075000
0 0.312812 0.059375 0.024375 0.060418
0 0.331562 0.000000 0.021875 0.027082
0 0.342813 0.066668 0.021875 0.070833
0 0.359063 0.014582 0.023125 0.052082
0 0.386250 0.013543 0.022500 0.054168
0 0.241875 0.645833 0.026250 0.062500
0 0.255000 0.581250 0.021250 0.079168
0 0.290938 0.593750 0.023125 0.079168
0 0.314063 0.580207 0.021875 0.081250
0 0.320000 0.475000 0.025000 0.075000
0 0.345313 0.353125 0.024375 0.081250
0 0.346562 0.272918 0.023125 0.079168
0 0.368437 0.281250 0.020625 0.075000
0 0.377500 0.209375 0.023750 0.068750
0 0.344687 0.150000 0.020625 0.083333
0 0.365625 0.102082 0.023750 0.075000
0 0.396562 0.132293 0.024375 0.081250
0 0.400625 0.207293 0.022500 0.077082
0 0.389688 0.273957 0.021875 0.072917
0 0.385000 0.357293 0.023750 0.081250
0 0.365312 0.396875 0.025625 0.085418
0 0.379375 0.448957 0.022500 0.077082
0 0.375000 0.520832 0.022500 0.075000
0 0.345938 0.584375 0.023125 0.081250
0 0.335938 0.640625 0.020625 0.068750
0 0.373437 0.655208 0.025625 0.072917
0 0.407187 0.335418 0.024375 0.083333
0 0.408125 0.415625 0.022500 0.072917
0 0.402813 0.542708 0.025625 0.077082
0 0.404375 0.644793 0.022500 0.072917
0 0.423438 0.600000 0.023125 0.075000
0 0.428750 0.527083 0.021250 0.079168
0 0.451875 0.567707 0.023750 0.077082
0 0.444688 0.644793 0.021875 0.072917
0 0.467813 0.650000 0.020625 0.087500
0 0.488750 0.568750 0.023750 0.075000
0 0.495000 0.645833 0.021250 0.079168
0 0.515625 0.572918 0.021250 0.070833
0 0.517500 0.667708 0.021250 0.072917
0 0.534687 0.622918 0.020625 0.070833
0 0.554688 0.669793 0.021875 0.089582
0 0.571562 0.622918 0.016875 0.054168
0 0.579375 0.563542 0.023750 0.068750
0 0.539375 0.537500 0.023750 0.075000
0 0.556250 0.579168 0.018750 0.079168
0 0.572812 0.496875 0.025625 0.089582
0 0.606250 0.581250 0.023750 0.075000
0 0.606250 0.651042 0.023750 0.072917
0 0.626875 0.651042 0.018750 0.077082
0 0.626563 0.531250 0.021875 0.079168
0 0.627500 0.453125 0.025000 0.068750
0 0.604688 0.404168 0.023125 0.075000
0 0.624062 0.354168 0.021875 0.070833
0 0.643750 0.393750 0.023750 0.058333
0 0.648750 0.333332 0.023750 0.087500
0 0.626250 0.259375 0.021250 0.077082
0 0.595313 0.236457 0.025625 0.081250
0 0.462187 0.503125 0.024375 0.077082
0 0.503125 0.466668 0.023750 0.083333
0 0.526875 0.476043 0.026250 0.081250
0 0.548438 0.459375 0.021875 0.077082
0 0.546250 0.379168 0.022500 0.070833
0 0.448750 0.431250 0.023750 0.083333
0 0.474687 0.430207 0.021875 0.081250
0 0.489687 0.384375 0.021875 0.068750
0 0.511250 0.337500 0.025000 0.079168
0 0.534687 0.306250 0.024375 0.075000
0 0.556875 0.302082 0.022500 0.079168
0 0.433125 0.333332 0.026250 0.083333
0 0.448125 0.295832 0.020000 0.083333
0 0.469375 0.304167 0.021250 0.087500
0 0.428750 0.233332 0.023750 0.070833
0 0.449062 0.202082 0.021875 0.075000
0 0.430937 0.143750 0.021875 0.079168
0 0.433750 0.027082 0.026250 0.064582
0 0.485625 0.016667 0.023750 0.062501
0 0.455000 0.120833 0.022500 0.075000
0 0.473125 0.169793 0.023750 0.072917
0 0.491563 0.187500 0.023125 0.066668
0 0.491563 0.261457 0.024375 0.072917
0 0.519062 0.246875 0.024375 0.081250
0 0.525000 0.177082 0.026250 0.070833
0 0.543438 0.233332 0.024375 0.087500
0 0.523750 0.079168 0.023750 0.079168
0 0.567813 0.088543 0.028125 0.085418
0 0.584063 0.151043 0.024375 0.077082
0 0.615313 0.155207 0.023125 0.072917
0 0.643750 0.096875 0.023750 0.052083
