0 0.205625 0.455729 0.022500 0.034375
0 0.208750 0.490104 0.022500 0.032291
0 0.220625 0.523438 0.023750 0.040625
0 0.246875 0.498437 0.022500 0.040625
0 0.265000 0.529687 0.022500 0.036459
0 0.280938 0.455729 0.023125 0.034375
0 0.280000 0.491146 0.025000 0.036459
0 0.229687 0.557813 0.024375 0.038541
0 0.251875 0.575000 0.023750 0.039584
0 0.227813 0.597396 0.024375 0.034375
0 0.228750 0.639063 0.020000 0.038541
0 0.241563 0.681771 0.018125 0.044791
0 0.267500 0.684896 0.022500 0.038541
0 0.250937 0.615625 0.021875 0.041666
0 0.269062 0.642709 0.023125 0.039584
0 0.274375 0.606250 0.025000 0.041666
0 0.277813 0.567709 0.021875 0.039584
0 0.301250 0.568750 0.023750 0.037500
0 0.299687 0.604166 0.024375 0.035416
0 0.276562 0.732812 0.023125 0.042709
0 0.307500 0.673959 0.023750 0.033334
0 0.294063 0.641146 0.024375 0.030209
0 0.322188 0.639584 0.024375 0.035416
0 0.324062 0.603125 0.023125 0.037500
0 0.312812 0.529687 0.024375 0.030209
0 0.321562 0.457291 0.020625 0.037500
0 0.345625 0.457813 0.025000 0.038541
0 0.331562 0.496354 0.021875 0.034375
0 0.342813 0.533334 0.021875 0.035416
0 0.359063 0.507291 0.023125 0.037500
0 0.368125 0.432291 0.023750 0.037500
0 0.368437 0.470313 0.020625 0.038541
0 0.389062 0.466146 0.021875 0.040625
0 0.386250 0.506771 0.022500 0.040625
0 0.241875 0.822916 0.026250 0.031250
0 0.255000 0.790625 0.021250 0.039584
0 0.290938 0.796875 0.023125 0.039584
0 0.314063 0.790104 0.021875 0.040625
0 0.320000 0.737500 0.025000 0.037500
0 0.345313 0.676562 0.024375 0.040625
0 0.346562 0.636459 0.023125 0.039584
0 0.368437 0.640625 0.020625 0.037500
0 0.377500 0.604688 0.023750 0.034375
0 0.344687 0.575000 0.020625 0.041666
0 0.365625 0.551041 0.023750 0.037500
0 0.396562 0.566146 0.024375 0.040625
0 0.400625 0.603646 0.022500 0.038541
0 0.389688 0.636979 0.021875 0.036459
0 0.385000 0.678646 0.023750 0.040625
0 0.365312 0.698438 0.025625 0.042709
0 0.379375 0.724479 0.022500 0.038541
0 0.375000 0.760416 0.022500 0.037500
0 0.345938 0.792188 0.023125 0.040625
0 0.335938 0.820312 0.020625 0.034375
0 0.373437 0.827604 0.025625 0.036459
0 0.407187 0.667709 0.024375 0.041666
0 0.408125 0.707812 0.022500 0.036459
0 0.402813 0.771354 0.025625 0.038541
0 0.404375 0.822396 0.022500 0.036459
0 0.423438 0.800000 0.023125 0.037500
0 0.428750 0.763541 0.021250 0.039584
0 0.451875 0.783854 0.023750 0.038541
0 0.444688 0.822396 0.021875 0.036459
0 0.467813 0.825000 0.020625 0.043750
0 0.488750 0.784375 0.023750 0.037500
0 0.495000 0.822916 0.021250 0.039584
0 0.515625 0.786459 0.021250 0.035416
0 0.517500 0.833854 0.021250 0.036459
0 0.534687 0.811459 0.020625 0.035416
0 0.554688 0.834896 0.021875 0.044791
0 0.571562 0.811459 0.016875 0.027084
0 0.579375 0.781771 0.023750 0.034375
0 0.539375 0.768750 0.023750 0.037500
0 0.556250 0.789584 0.018750 0.039584
0 0.572812 0.748437 0.025625 0.044791
0 0.606250 0.790625 0.023750 0.037500
0 0.606250 0.825521 0.023750 0.036459
0 0.626875 0.825521 0.018750 0.038541
0 0.626563 0.765625 0.021875 0.039584
0 0.627500 0.726562 0.025000 0.034375
0 0.604688 0.702084 0.023125 0.037500
0 0.624062 0.677084 0.021875 0.035416
0 0.643750 0.696875 0.023750 0.029166
0 0.648750 0.666666 0.023750 0.043750
0 0.626250 0.629687 0.021250 0.038541
0 0.595313 0.618229 0.025625 0.040625
0 0.462187 0.751563 0.024375 0.038541
0 0.503125 0.733334 0.023750 0.041666
0 0.526875 0.738021 0.026250 0.040625
0 0.548438 0.729687 0.021875 0.038541
0 0.546250 0.689584 0.022500 0.035416
0 0.448750 0.715625 0.023750 0.041666
0 0.474687 0.715104 0.021875 0.040625
0 0.489687 0.692187 0.021875 0.034375
0 0.511250 0.668750 0.025000 0.039584
0 0.534687 0.653125 0.024375 0.037500
0 0.556875 0.651041 0.022500 0.039584
0 0.433125 0.666666 0.026250 0.041666
0 0.448125 0.647916 0.020000 0.041666
0 0.469375 0.652084 0.021250 0.043750
0 0.428750 0.616666 0.023750 0.035416
0 0.449062 0.601041 0.021875 0.037500
0 0.430937 0.571875 0.021875 0.039584
0 0.433750 0.513541 0.026250 0.037500
0 0.429063 0.475000 0.023125 0.035416
0 0.457813 0.480209 0.024375 0.037500
0 0.485625 0.508334 0.023750 0.045834
0 0.455000 0.560416 0.022500 0.037500
0 0.473125 0.584896 0.023750 0.036459
0 0.491563 0.593750 0.023125 0.033334
0 0.491563 0.630729 0.024375 0.036459
0 0.519062 0.623437 0.024375 0.040625
0 0.525000 0.588541 0.026250 0.035416
0 0.543438 0.616666 0.024375 0.043750
0 0.523750 0.539584 0.023750 0.039584
0 0.567813 0.544271 0.028125 0.042709
0 0.584063 0.575521 0.024375 0.038541
0 0.615313 0.577604 0.023125 0.036459
0 0.643750 0.548438 0.023750 0.026041
