0 0.564583 0.794375 0.027500 0.022500
0 0.592083 0.791250 0.025833 0.022500
0 0.618750 0.779375 0.032500 0.023750
0 0.598750 0.753125 0.032500 0.022500
0 0.623750 0.735000 0.029167 0.022500
0 0.564583 0.719062 0.027500 0.023125
0 0.592917 0.720000 0.029167 0.025000
0 0.646250 0.770313 0.030833 0.024375
0 0.660000 0.748125 0.031667 0.023750
0 0.677917 0.772187 0.027500 0.024375
0 0.711250 0.771250 0.030833 0.020000
0 0.745417 0.758437 0.035833 0.018125
0 0.747917 0.732500 0.030833 0.022500
0 0.692500 0.749063 0.033333 0.021875
0 0.714167 0.730938 0.031667 0.023125
0 0.685000 0.725625 0.033333 0.025000
0 0.654167 0.722187 0.031667 0.021875
0 0.655000 0.698750 0.030000 0.023750
0 0.683333 0.700313 0.028333 0.024375
0 0.786250 0.723438 0.034167 0.023125
0 0.739167 0.692500 0.026667 0.023750
0 0.712917 0.705937 0.024167 0.024375
0 0.711667 0.677812 0.028333 0.024375
0 0.682500 0.675938 0.030000 0.023125
0 0.623750 0.687188 0.024167 0.024375
0 0.565833 0.678438 0.030000 0.020625
0 0.566250 0.654375 0.030833 0.025000
0 0.597083 0.668438 0.027500 0.021875
0 0.626667 0.657187 0.028333 0.021875
0 0.605833 0.640937 0.030000 0.023125
0 0.545833 0.631875 0.030000 0.023750
0 0.576250 0.631563 0.030833 0.020625
0 0.572917 0.610938 0.032500 0.021875
0 0.605417 0.613750 0.032500 0.022500
0 0.858333 0.758125 0.025000 0.026250
0 0.832500 0.745000 0.031667 0.021250
0 0.837500 0.709062 0.031667 0.023125
0 0.832083 0.685937 0.032500 0.021875
0 0.790000 0.680000 0.030000 0.025000
0 0.741250 0.654687 0.032500 0.024375
0 0.709167 0.653438 0.031667 0.023125
0 0.712500 0.631563 0.030000 0.020625
0 0.683750 0.622500 0.027500 0.023750
0 0.660000 0.655313 0.033333 0.020625
0 0.640833 0.634375 0.030000 0.023750
0 0.652917 0.603438 0.032500 0.024375
0 0.682917 0.599375 0.030833 0.022500
0 0.709583 0.610312 0.029167 0.021875
0 0.742917 0.615000 0.032500 0.023750
0 0.758750 0.634688 0.034167 0.025625
0 0.779583 0.620625 0.030833 0.022500
0 0.808333 0.625000 0.030000 0.022500
0 0.833750 0.654062 0.032500 0.023125
0 0.856250 0.664062 0.027500 0.020625
0 0.862083 0.626563 0.029167 0.025625
0 0.734167 0.592813 0.033333 0.024375
0 0.766250 0.591875 0.029167 0.022500
0 0.817083 0.597187 0.030833 0.025625
0 0.857917 0.595625 0.029167 0.022500
0 0.840000 0.576562 0.030000 0.023125
0 0.810833 0.571250 0.031667 0.021250
0 0.827083 0.548125 0.030833 0.023750
0 0.857917 0.555312 0.029167 0.021875
0 0.860000 0.532187 0.035000 0.020625
0 0.827500 0.511250 0.030000 0.023750
0 0.858333 0.505000 0.031667 0.021250
0 0.829167 0.484375 0.028333 0.021250
0 0.867083 0.482500 0.029167 0.021250
0 0.849167 0.465313 0.028333 0.020625
0 0.867917 0.445312 0.035833 0.021875
0 0.849167 0.428438 0.021667 0.016875
0 0.825417 0.420625 0.027500 0.023750
0 0.815000 0.460625 0.030000 0.023750
0 0.831667 0.443750 0.031667 0.018750
0 0.798750 0.427188 0.035833 0.025625
0 0.832500 0.393750 0.030000 0.023750
0 0.860417 0.393750 0.029167 0.023750
0 0.860417 0.373125 0.030833 0.018750
0 0.812500 0.373437 0.031667 0.021875
0 0.781250 0.372500 0.027500 0.025000
0 0.761667 0.395312 0.030000 0.023125
0 0.741667 0.375938 0.028333 0.021875
0 0.757500 0.356250 0.023333 0.023750
0 0.733333 0.351250 0.035000 0.023750
0 0.703750 0.373750 0.030833 0.021250
0 0.694583 0.404687 0.032500 0.025625
0 0.801250 0.537813 0.030833 0.024375
0 0.786667 0.496875 0.033333 0.023750
0 0.790417 0.473125 0.032500 0.026250
0 0.783750 0.451562 0.030833 0.021875
0 0.751667 0.453750 0.028333 0.022500
0 0.772500 0.551250 0.033333 0.023750
0 0.772083 0.525313 0.032500 0.021875
0 0.753750 0.510313 0.027500 0.021875
0 0.735000 0.488750 0.031667 0.025000
0 0.722500 0.465313 0.030000 0.024375
0 0.720833 0.443125 0.031667 0.022500
0 0.733333 0.566875 0.033333 0.026250
0 0.718333 0.551875 0.033333 0.020000
0 0.721667 0.530625 0.035000 0.021250
0 0.693333 0.571250 0.028333 0.023750
0 0.680833 0.550938 0.030000 0.021875
0 0.657500 0.569063 0.031667 0.021875
0 0.610833 0.566250 0.030000 0.026250
0 0.580000 0.570937 0.028333 0.023125
0 0.584167 0.542187 0.030000 0.024375
0 0.606667 0.514375 0.036667 0.023750
0 0.648333 0.545000 0.030000 0.022500
0 0.667917 0.526875 0.029167 0.023750
0 0.675000 0.508437 0.026667 0.023125
0 0.704583 0.508437 0.029167 0.024375
0 0.698750 0.480938 0.032500 0.024375
0 0.670833 0.475000 0.028333 0.026250
0 0.693333 0.456562 0.035000 0.024375
0 0.631667 0.476250 0.031667 0.023750
0 0.635417 0.432187 0.034167 0.028125
0 0.660417 0.415937 0.030833 0.024375
0 0.662083 0.384687 0.029167 0.023125
0 0.638750 0.356250 0.020833 0.023750
