0 0.794375 0.435417 0.022500 0.027500
0 0.791250 0.407917 0.022500 0.025833
0 0.779375 0.381250 0.023750 0.032500
0 0.753125 0.401250 0.022500 0.032500
0 0.735000 0.376250 0.022500 0.029167
0 0.719062 0.435417 0.023125 0.027500
0 0.720000 0.407083 0.025000 0.029167
0 0.770313 0.353750 0.024375 0.030833
0 0.748125 0.340000 0.023750 0.031667
0 0.772187 0.322083 0.024375 0.027500
0 0.771250 0.288750 0.020000 0.030833
0 0.758437 0.254583 0.018125 0.035833
0 0.732500 0.252083 0.022500 0.030833
0 0.749063 0.307500 0.021875 0.033333
0 0.730938 0.285833 0.023125 0.031667
0 0.725625 0.315000 0.025000 0.033333
0 0.722187 0.345833 0.021875 0.031667
0 0.698750 0.345000 0.023750 0.030000
0 0.700313 0.316667 0.024375 0.028333
0 0.723438 0.213750 0.023125 0.034167
0 0.692500 0.260833 0.023750 0.026667
0 0.705937 0.287083 0.024375 0.024167
0 0.677812 0.288333 0.024375 0.028333
0 0.675938 0.317500 0.023125 0.030000
0 0.687188 0.376250 0.024375 0.024167
0 0.678438 0.434167 0.020625 0.030000
0 0.654375 0.433750 0.025000 0.030833
0 0.668438 0.402917 0.021875 0.027500
0 0.657187 0.373333 0.021875 0.028333
0 0.640937 0.394167 0.023125 0.030000
0 0.631875 0.454167 0.023750 0.030000
0 0.631563 0.423750 0.020625 0.030833
0 0.610938 0.427083 0.021875 0.032500
0 0.613750 0.394583 0.022500 0.032500
0 0.758125 0.141667 0.026250 0.025000
0 0.745000 0.167500 0.021250 0.031667
0 0.709062 0.162500 0.023125 0.031667
0 0.685937 0.167917 0.021875 0.032500
0 0.680000 0.210000 0.025000 0.030000
0 0.654687 0.258750 0.024375 0.032500
0 0.653438 0.290833 0.023125 0.031667
0 0.631563 0.287500 0.020625 0.030000
0 0.622500 0.316250 0.023750 0.027500
0 0.655313 0.340000 0.020625 0.033333
0 0.634375 0.359167 0.023750 0.030000
0 0.603438 0.347083 0.024375 0.032500
0 0.599375 0.317083 0.022500 0.030833
0 0.610312 0.290417 0.021875 0.029167
0 0.615000 0.257083 0.023750 0.032500
0 0.634688 0.241250 0.025625 0.034167
0 0.620625 0.220417 0.022500 0.030833
0 0.625000 0.191667 0.022500 0.030000
0 0.654062 0.166250 0.023125 0.032500
0 0.664062 0.143750 0.020625 0.027500
0 0.626563 0.137917 0.025625 0.029167
0 0.592813 0.265833 0.024375 0.033333
0 0.591875 0.233750 0.022500 0.029167
0 0.597187 0.182917 0.025625 0.030833
0 0.595625 0.142083 0.022500 0.029167
0 0.576562 0.160000 0.023125 0.030000
0 0.571250 0.189167 0.021250 0.031667
0 0.548125 0.172917 0.023750 0.030833
0 0.555312 0.142083 0.021875 0.029167
0 0.532187 0.140000 0.020625 0.035000
0 0.511250 0.172500 0.023750 0.030000
0 0.505000 0.141667 0.021250 0.031667
0 0.484375 0.170833 0.021250 0.028333
0 0.482500 0.132917 0.021250 0.029167
0 0.465313 0.150833 0.020625 0.028333
0 0.445312 0.132083 0.021875 0.035833
0 0.428438 0.150833 0.016875 0.021667
0 0.420625 0.174583 0.023750 0.027500
0 0.460625 0.185000 0.023750 0.030000
0 0.443750 0.168333 0.018750 0.031667
0 0.427188 0.201250 0.025625 0.035833
0 0.393750 0.167500 0.023750 0.030000
0 0.393750 0.139583 0.023750 0.029167
0 0.373125 0.139583 0.018750 0.030833
0 0.373437 0.187500 0.021875 0.031667
0 0.372500 0.218750 0.025000 0.027500
0 0.395312 0.238333 0.023125 0.030000
0 0.375938 0.258333 0.021875 0.028333
0 0.356250 0.242500 0.023750 0.023333
0 0.351250 0.266667 0.023750 0.035000
0 0.373750 0.296250 0.021250 0.030833
0 0.404687 0.305417 0.025625 0.032500
0 0.537813 0.198750 0.024375 0.030833
0 0.496875 0.213333 0.023750 0.033333
0 0.473125 0.209583 0.026250 0.032500
0 0.451562 0.216250 0.021875 0.030833
0 0.453750 0.248333 0.022500 0.028333
0 0.551250 0.227500 0.023750 0.033333
0 0.525313 0.227917 0.021875 0.032500
0 0.510313 0.246250 0.021875 0.027500
0 0.488750 0.265000 0.025000 0.031667
0 0.465313 0.277500 0.024375 0.030000
0 0.443125 0.279167 0.022500 0.031667
0 0.566875 0.266667 0.026250 0.033333
0 0.551875 0.281667 0.020000 0.033333
0 0.530625 0.278333 0.021250 0.035000
0 0.571250 0.306667 0.023750 0.028333
0 0.550938 0.319167 0.021875 0.030000
0 0.569063 0.342500 0.021875 0.031667
0 0.566250 0.389167 0.026250 0.030000
0 0.570937 0.420000 0.023125 0.028333
0 0.542187 0.415833 0.024375 0.030000
0 0.514375 0.393333 0.023750 0.036667
0 0.545000 0.351667 0.022500 0.030000
0 0.526875 0.332083 0.023750 0.029167
0 0.508437 0.325000 0.023125 0.026667
0 0.508437 0.295417 0.024375 0.029167
0 0.480938 0.301250 0.024375 0.032500
0 0.475000 0.329167 0.026250 0.028333
0 0.456562 0.306667 0.024375 0.035000
0 0.476250 0.368333 0.023750 0.031667
0 0.432187 0.364583 0.028125 0.034167
0 0.415937 0.339583 0.024375 0.030833
0 0.384687 0.337917 0.023125 0.029167
0 0.356250 0.361250 0.023750 0.020833
