0 0.485000 0.616146 0.022500 0.038541
0 0.506250 0.628125 0.023750 0.039584
0 0.539375 0.607291 0.022500 0.037500
0 0.569375 0.592187 0.025000 0.042709
0 0.589063 0.627084 0.020625 0.037500
0 0.609062 0.609375 0.021875 0.035416
0 0.640312 0.600521 0.024375 0.042709
0 0.660000 0.635938 0.023750 0.042709
0 0.622500 0.640625 0.023750 0.037500
0 0.599375 0.660937 0.022500 0.032291
0 0.560625 0.635416 0.023750 0.035416
0 0.563750 0.671354 0.021250 0.034375
0 0.586250 0.685937 0.023750 0.034375
0 0.592187 0.721354 0.021875 0.036459
0 0.615313 0.690625 0.023125 0.035416
0 0.649062 0.718750 0.014375 0.041666
0 0.630938 0.717188 0.023125 0.040625
0 0.643437 0.675000 0.024375 0.031250
0 0.570000 0.734896 0.022500 0.036459
0 0.590938 0.772916 0.020625 0.050000
0 0.614688 0.748437 0.024375 0.036459
0 0.612812 0.785416 0.021875 0.035416
0 0.648750 0.798959 0.021250 0.041666
0 0.599375 0.811979 0.022500 0.030209
0 0.586562 0.851041 0.024375 0.039584
0 0.609375 0.860938 0.021250 0.038541
0 0.623125 0.830209 0.025000 0.037500
0 0.551250 0.703125 0.023750 0.037500
0 0.546875 0.740625 0.026250 0.033334
0 0.543750 0.781250 0.020000 0.039584
0 0.565937 0.778125 0.024375 0.033334
0 0.572500 0.814584 0.026250 0.037500
0 0.548750 0.819791 0.022500 0.039584
0 0.522813 0.826562 0.023125 0.040625
0 0.497188 0.829166 0.021875 0.039584
0 0.510000 0.793750 0.025000 0.039584
0 0.527813 0.767709 0.023125 0.039584
0 0.500000 0.745834 0.025000 0.035416
0 0.518125 0.724479 0.021250 0.040625
0 0.525625 0.676041 0.026250 0.039584
0 0.534375 0.643750 0.022500 0.033334
0 0.444375 0.559896 0.026250 0.034375
0 0.457500 0.632812 0.023750 0.036459
0 0.474062 0.654166 0.021875 0.037500
0 0.484687 0.707291 0.025625 0.037500
0 0.471250 0.740625 0.022500 0.039584
0 0.461562 0.775521 0.023125 0.040625
0 0.486875 0.778125 0.021250 0.045834
0 0.473438 0.831771 0.025625 0.038541
0 0.450313 0.810416 0.020625 0.037500
0 0.418438 0.838021 0.024375 0.036459
0 0.427187 0.786979 0.021875 0.038541
0 0.443750 0.751563 0.023750 0.040625
0 0.433437 0.631771 0.023125 0.040625
0 0.444063 0.668229 0.025625 0.034375
0 0.454375 0.700521 0.026250 0.044791
0 0.425625 0.722396 0.025000 0.040625
0 0.411875 0.751563 0.026250 0.030209
0 0.402187 0.791146 0.025625 0.036459
0 0.384688 0.834375 0.023125 0.041666
0 0.378125 0.787500 0.021250 0.035416
0 0.365625 0.770312 0.022500 0.038541
0 0.387188 0.750521 0.023125 0.034375
0 0.401562 0.726562 0.023125 0.030209
0 0.384375 0.705729 0.023750 0.038541
0 0.367500 0.729166 0.022500 0.037500
0 0.341875 0.741666 0.023750 0.037500
0 0.331562 0.776563 0.025625 0.034375
0 0.353750 0.835416 0.025000 0.043750
0 0.324375 0.838021 0.025000 0.036459
0 0.310625 0.810937 0.022500 0.040625
0 0.286875 0.814062 0.020000 0.042709
0 0.258125 0.809896 0.021250 0.038541
0 0.286875 0.765104 0.025000 0.036459
0 0.310312 0.768750 0.020625 0.037500
0 0.260313 0.760416 0.026875 0.033334
0 0.252188 0.726041 0.025625 0.035416
0 0.280938 0.727084 0.023125 0.035416
0 0.308125 0.722396 0.023750 0.036459
0 0.329062 0.694791 0.021875 0.039584
0 0.351875 0.698438 0.025000 0.038541
0 0.370312 0.666666 0.024375 0.035416
0 0.395313 0.664584 0.023125 0.035416
0 0.417500 0.677084 0.023750 0.037500
0 0.266875 0.693229 0.023750 0.038541
0 0.305312 0.691666 0.024375 0.035416
0 0.242812 0.691666 0.021875 0.039584
0 0.250312 0.656250 0.023125 0.035416
0 0.275938 0.657812 0.020625 0.036459
0 0.297812 0.658334 0.025625 0.035416
0 0.324375 0.658334 0.027500 0.039584
0 0.339375 0.632291 0.022500 0.035416
0 0.361875 0.633854 0.026250 0.040625
0 0.383125 0.618750 0.022500 0.041666
0 0.411250 0.599479 0.026250 0.038541
0 0.411250 0.555209 0.025000 0.041666
0 0.405313 0.514584 0.023125 0.037500
0 0.383437 0.542188 0.030625 0.040625
0 0.352812 0.528125 0.023125 0.037500
0 0.353125 0.565104 0.023750 0.034375
0 0.371250 0.590104 0.026250 0.042709
0 0.333125 0.548438 0.022500 0.036459
0 0.328750 0.586979 0.020000 0.040625
0 0.323125 0.513021 0.023750 0.038541
0 0.304063 0.545312 0.023125 0.032291
0 0.303125 0.582291 0.023750 0.039584
0 0.310937 0.626563 0.025625 0.036459
0 0.284375 0.618750 0.026250 0.035416
0 0.258125 0.619271 0.022500 0.036459
0 0.230000 0.628125 0.021250 0.035416
0 0.230313 0.589584 0.024375 0.035416
0 0.252500 0.579687 0.023750 0.038541
0 0.276875 0.582291 0.025000 0.037500
0 0.231563 0.543750 0.024375 0.039584
0 0.265937 0.547916 0.025625 0.039584
0 0.223750 0.503125 0.025000 0.029166
0 0.240937 0.470834 0.023125 0.039584
0 0.265000 0.490625 0.026250 0.039584
0 0.247188 0.515104 0.024375 0.038541
0 0.350938 0.442709 0.023125 0.045834
