0 0.783125 0.387500 0.023750 0.028333
0 0.778750 0.360417 0.025000 0.029167
0 0.758750 0.373750 0.020000 0.029167
0 0.767187 0.327500 0.021875 0.031667
0 0.749063 0.311250 0.021875 0.030833
0 0.745625 0.344583 0.022500 0.030833
0 0.734687 0.372083 0.021875 0.034167
0 0.715938 0.388333 0.019375 0.036667
0 0.690312 0.381667 0.024375 0.033333
0 0.703437 0.355833 0.021875 0.028333
0 0.722813 0.334583 0.023125 0.032500
0 0.771250 0.278333 0.021250 0.028333
0 0.749688 0.279583 0.021875 0.027500
0 0.762813 0.250000 0.018125 0.030000
0 0.740312 0.251667 0.021875 0.030000
0 0.756562 0.222083 0.021875 0.029167
0 0.726562 0.224583 0.019375 0.024167
0 0.713750 0.249167 0.022500 0.028333
0 0.706250 0.207917 0.021250 0.029167
0 0.721562 0.195417 0.023125 0.027500
0 0.741563 0.181250 0.024375 0.029167
0 0.739375 0.143750 0.018750 0.029167
0 0.717500 0.154167 0.023750 0.026667
0 0.715313 0.119583 0.024375 0.032500
0 0.686563 0.210417 0.018125 0.032500
0 0.684063 0.177083 0.026875 0.027500
0 0.672812 0.147500 0.021875 0.033333
0 0.659687 0.175000 0.019375 0.031667
0 0.652187 0.201667 0.023125 0.031667
0 0.636250 0.181667 0.021250 0.026667
0 0.614687 0.170833 0.021875 0.031667
0 0.637813 0.144583 0.021875 0.030833
0 0.616875 0.141250 0.018750 0.027500
0 0.728438 0.296667 0.021875 0.033333
0 0.676563 0.349167 0.025625 0.031667
0 0.689063 0.327917 0.021875 0.029167
0 0.660313 0.322083 0.023125 0.035833
0 0.705625 0.299583 0.023750 0.034167
0 0.682188 0.297500 0.023125 0.033333
0 0.686250 0.263750 0.018750 0.032500
0 0.667500 0.242917 0.022500 0.034167
0 0.659687 0.376667 0.024375 0.035000
0 0.644062 0.352917 0.023125 0.032500
0 0.636250 0.309167 0.025000 0.028333
0 0.655938 0.285417 0.030625 0.025833
0 0.646875 0.257500 0.023750 0.031667
0 0.619375 0.362917 0.025000 0.032500
0 0.611250 0.395000 0.023750 0.031667
0 0.575937 0.385417 0.021875 0.034167
0 0.587187 0.358750 0.025625 0.035833
0 0.605625 0.317917 0.025000 0.034167
0 0.624063 0.282917 0.025625 0.032500
0 0.621875 0.250000 0.025000 0.026667
0 0.602500 0.239583 0.021250 0.030833
0 0.597187 0.213333 0.023125 0.028333
0 0.576875 0.222917 0.020000 0.030833
0 0.555312 0.230833 0.023125 0.030000
0 0.583125 0.257500 0.021250 0.028333
0 0.597813 0.284583 0.025625 0.030833
0 0.575000 0.291250 0.021250 0.030833
0 0.583750 0.321250 0.017500 0.034167
0 0.557188 0.308750 0.021875 0.034167
0 0.550312 0.341667 0.024375 0.033333
0 0.534062 0.371667 0.026875 0.033333
0 0.543125 0.290000 0.021250 0.030000
0 0.559375 0.263333 0.022500 0.028333
0 0.589062 0.177083 0.019375 0.032500
0 0.567812 0.174167 0.024375 0.023333
0 0.584688 0.140417 0.021875 0.032500
0 0.563750 0.149167 0.020000 0.026667
0 0.545938 0.137917 0.023125 0.030833
0 0.556875 0.198750 0.023750 0.027500
0 0.542812 0.170000 0.021875 0.030000
0 0.525000 0.312083 0.021250 0.034167
0 0.513750 0.334167 0.021250 0.030000
0 0.513750 0.288750 0.022500 0.030833
0 0.513750 0.248333 0.020000 0.033333
0 0.529062 0.221250 0.023125 0.032500
0 0.530313 0.190417 0.023125 0.029167
0 0.514375 0.137917 0.023750 0.034167
0 0.490625 0.140000 0.021250 0.028333
0 0.473750 0.135000 0.021250 0.031667
0 0.504063 0.169167 0.025625 0.023333
0 0.500937 0.200417 0.020625 0.029167
0 0.493125 0.228750 0.023750 0.027500
0 0.475938 0.249583 0.024375 0.032500
0 0.493750 0.270417 0.022500 0.032500
0 0.489688 0.329167 0.023125 0.026667
0 0.491250 0.301667 0.023750 0.021667
0 0.469375 0.319167 0.018750 0.026667
0 0.465313 0.349583 0.025625 0.034167
0 0.442500 0.330417 0.026250 0.029167
0 0.443438 0.299167 0.024375 0.030000
0 0.466875 0.285000 0.022500 0.033333
0 0.448125 0.272500 0.023750 0.028333
0 0.476875 0.205833 0.023750 0.025000
0 0.472187 0.177500 0.021875 0.030000
0 0.450937 0.190000 0.021875 0.030000
0 0.439375 0.214583 0.021250 0.032500
0 0.443125 0.150833 0.022500 0.030000
0 0.440312 0.123750 0.024375 0.024167
0 0.415937 0.136667 0.023125 0.031667
0 0.393437 0.121250 0.019375 0.030833
0 0.373125 0.140417 0.022500 0.032500
0 0.397813 0.159583 0.021875 0.030833
0 0.425312 0.174167 0.023125 0.031667
0 0.414062 0.198333 0.023125 0.035000
0 0.399687 0.215833 0.020625 0.030000
0 0.387500 0.185417 0.021250 0.035833
0 0.365313 0.175000 0.024375 0.028333
0 0.375313 0.222917 0.021875 0.030833
0 0.422500 0.251250 0.023750 0.034167
0 0.400937 0.250833 0.020625 0.030000
0 0.413125 0.303750 0.026250 0.035833
0 0.392813 0.322500 0.021875 0.033333
0 0.374375 0.287500 0.022500 0.033333
0 0.364688 0.321667 0.021875 0.030000
0 0.329063 0.346667 0.023125 0.033333
0 0.328750 0.309583 0.025000 0.027500
0 0.346875 0.262083 0.023750 0.034167
