0 0.612500 0.783125 0.028333 0.023750
0 0.639583 0.778750 0.029167 0.025000
0 0.626250 0.758750 0.029167 0.020000
0 0.672500 0.767187 0.031667 0.021875
0 0.688750 0.749063 0.030833 0.021875
0 0.655417 0.745625 0.030833 0.022500
0 0.627917 0.734687 0.034167 0.021875
0 0.611667 0.715938 0.036667 0.019375
0 0.618333 0.690312 0.033333 0.024375
0 0.644167 0.703437 0.028333 0.021875
0 0.665417 0.722813 0.032500 0.023125
0 0.721667 0.771250 0.028333 0.021250
0 0.720417 0.749688 0.027500 0.021875
0 0.750000 0.762813 0.030000 0.018125
0 0.748333 0.740312 0.030000 0.021875
0 0.777917 0.756562 0.029167 0.021875
0 0.775417 0.726562 0.024167 0.019375
0 0.750833 0.713750 0.028333 0.022500
0 0.792083 0.706250 0.029167 0.021250
0 0.804583 0.721562 0.027500 0.023125
0 0.818750 0.741563 0.029167 0.024375
0 0.856250 0.739375 0.029167 0.018750
0 0.845833 0.717500 0.026667 0.023750
0 0.880417 0.715313 0.032500 0.024375
0 0.789583 0.686563 0.032500 0.018125
0 0.822917 0.684063 0.027500 0.026875
0 0.852500 0.672812 0.033333 0.021875
0 0.825000 0.659687 0.031667 0.019375
0 0.798333 0.652187 0.031667 0.023125
0 0.818333 0.636250 0.026667 0.021250
0 0.829167 0.614687 0.031667 0.021875
0 0.855417 0.637813 0.030833 0.021875
0 0.858750 0.616875 0.027500 0.018750
0 0.703333 0.728438 0.033333 0.021875
0 0.650833 0.676563 0.031667 0.025625
0 0.672083 0.689063 0.029167 0.021875
0 0.677917 0.660313 0.035833 0.023125
0 0.700417 0.705625 0.034167 0.023750
0 0.702500 0.682188 0.033333 0.023125
0 0.736250 0.686250 0.032500 0.018750
0 0.757083 0.667500 0.034167 0.022500
0 0.623333 0.659687 0.035000 0.024375
0 0.647083 0.644062 0.032500 0.023125
0 0.690833 0.636250 0.028333 0.025000
0 0.714583 0.655938 0.025833 0.030625
0 0.742500 0.646875 0.031667 0.023750
0 0.637083 0.619375 0.032500 0.025000
0 0.605000 0.611250 0.031667 0.023750
0 0.614583 0.575937 0.034167 0.021875
0 0.641250 0.587187 0.035833 0.025625
0 0.682083 0.605625 0.034167 0.025000
0 0.717083 0.624063 0.032500 0.025625
0 0.750000 0.621875 0.026667 0.025000
0 0.760417 0.602500 0.030833 0.021250
0 0.786667 0.597187 0.028333 0.023125
0 0.777083 0.576875 0.030833 0.020000
0 0.769167 0.555312 0.030000 0.023125
0 0.742500 0.583125 0.028333 0.021250
0 0.715417 0.597813 0.030833 0.025625
0 0.708750 0.575000 0.030833 0.021250
0 0.678750 0.583750 0.034167 0.017500
0 0.691250 0.557188 0.034167 0.021875
0 0.658333 0.550312 0.033333 0.024375
0 0.628333 0.534062 0.033333 0.026875
0 0.710000 0.543125 0.030000 0.021250
0 0.736667 0.559375 0.028333 0.022500
0 0.822917 0.589062 0.032500 0.019375
0 0.825833 0.567812 0.023333 0.024375
0 0.859583 0.584688 0.032500 0.021875
0 0.850833 0.563750 0.026667 0.020000
0 0.862083 0.545938 0.030833 0.023125
0 0.801250 0.556875 0.027500 0.023750
0 0.830000 0.542812 0.030000 0.021875
0 0.687917 0.525000 0.034167 0.021250
0 0.665833 0.513750 0.030000 0.021250
0 0.711250 0.513750 0.030833 0.022500
0 0.751667 0.513750 0.033333 0.020000
0 0.778750 0.529062 0.032500 0.023125
0 0.809583 0.530313 0.029167 0.023125
0 0.862083 0.514375 0.034167 0.023750
0 0.860000 0.490625 0.028333 0.021250
0 0.865000 0.473750 0.031667 0.021250
0 0.830833 0.504063 0.023333 0.025625
0 0.799583 0.500937 0.029167 0.020625
0 0.771250 0.493125 0.027500 0.023750
0 0.750417 0.475938 0.032500 0.024375
0 0.729583 0.493750 0.032500 0.022500
0 0.670833 0.489688 0.026667 0.023125
0 0.698333 0.491250 0.021667 0.023750
0 0.680833 0.469375 0.026667 0.018750
0 0.650417 0.465313 0.034167 0.025625
0 0.669583 0.442500 0.029167 0.026250
0 0.700833 0.443438 0.030000 0.024375
0 0.715000 0.466875 0.033333 0.022500
0 0.727500 0.448125 0.028333 0.023750
0 0.794167 0.476875 0.025000 0.023750
0 0.822500 0.472187 0.030000 0.021875
0 0.810000 0.450937 0.030000 0.021875
0 0.785417 0.439375 0.032500 0.021250
0 0.849167 0.443125 0.030000 0.022500
0 0.876250 0.440312 0.024167 0.024375
0 0.863333 0.415937 0.031667 0.023125
0 0.878750 0.393437 0.030833 0.019375
0 0.859583 0.373125 0.032500 0.022500
0 0.840417 0.397813 0.030833 0.021875
0 0.825833 0.425312 0.031667 0.023125
0 0.801667 0.414062 0.035000 0.023125
0 0.784167 0.399687 0.030000 0.020625
0 0.814583 0.387500 0.035833 0.021250
0 0.825000 0.365313 0.028333 0.024375
0 0.777083 0.375313 0.030833 0.021875
0 0.748750 0.422500 0.034167 0.023750
0 0.749167 0.400937 0.030000 0.020625
0 0.696250 0.413125 0.035833 0.026250
0 0.677500 0.392813 0.033333 0.021875
0 0.712500 0.374375 0.033333 0.022500
0 0.678333 0.364688 0.030000 0.021875
0 0.653333 0.329063 0.033333 0.023125
0 0.690417 0.328750 0.027500 0.025000
0 0.737917 0.346875 0.034167 0.023750
