0 0.485000 0.232293 0.022500 0.077082
0 0.506250 0.256250 0.023750 0.079168
0 0.539375 0.214582 0.022500 0.075000
0 0.569375 0.184375 0.025000 0.085418
0 0.589063 0.254168 0.020625 0.075000
0 0.609062 0.218750 0.021875 0.070833
0 0.640312 0.201043 0.024375 0.085418
0 0.660000 0.271875 0.023750 0.085418
0 0.622500 0.281250 0.023750 0.075000
0 0.599375 0.321875 0.022500 0.064583
0 0.560625 0.270832 0.023750 0.070833
0 0.563750 0.342708 0.021250 0.068750
0 0.586250 0.371875 0.023750 0.068750
0 0.592187 0.442707 0.021875 0.072917
0 0.615313 0.381250 0.023125 0.070833
0 0.649062 0.437500 0.014375 0.083333
0 0.630938 0.434375 0.023125 0.081250
0 0.643437 0.350000 0.024375 0.062500
0 0.570000 0.469793 0.022500 0.072917
0 0.590938 0.545832 0.020625 0.100000
0 0.614688 0.496875 0.024375 0.072917
0 0.612812 0.570832 0.021875 0.070833
0 0.648750 0.597917 0.021250 0.083333
0 0.599375 0.623957 0.022500 0.060418
0 0.586562 0.702082 0.024375 0.079168
0 0.609375 0.721875 0.021250 0.077082
0 0.623125 0.660418 0.025000 0.075000
0 0.551250 0.406250 0.023750 0.075000
0 0.546875 0.481250 0.026250 0.066668
0 0.543750 0.562500 0.020000 0.079168
0 0.565937 0.556250 0.024375 0.066668
0 0.572500 0.629167 0.026250 0.075000
0 0.548750 0.639582 0.022500 0.079168
0 0.522813 0.653125 0.023125 0.081250
0 0.497188 0.658333 0.021875 0.079168
0 0.510000 0.587500 0.025000 0.079168
0 0.527813 0.535417 0.023125 0.079168
0 0.500000 0.491668 0.025000 0.070833
0 0.518125 0.448957 0.021250 0.081250
0 0.525625 0.352082 0.026250 0.079168
0 0.534375 0.287500 0.022500 0.066668
0 0.444375 0.119793 0.026250 0.068750
0 0.457500 0.265625 0.023750 0.072917
0 0.474062 0.308332 0.021875 0.075000
0 0.484687 0.414582 0.025625 0.075000
0 0.471250 0.481250 0.022500 0.079168
0 0.461562 0.551042 0.023125 0.081250
0 0.486875 0.556250 0.021250 0.091667
0 0.473438 0.663542 0.025625 0.077082
0 0.450313 0.620833 0.020625 0.075000
0 0.418438 0.676042 0.024375 0.072917
0 0.427187 0.573958 0.021875 0.077082
0 0.443750 0.503125 0.023750 0.081250
0 0.433437 0.263542 0.023125 0.081250
0 0.444063 0.336457 0.025625 0.068750
0 0.454375 0.401043 0.026250 0.089582
0 0.425625 0.444793 0.025000 0.081250
0 0.411875 0.503125 0.026250 0.060418
0 0.402187 0.582292 0.025625 0.072917
0 0.384688 0.668750 0.023125 0.083333
0 0.378125 0.575000 0.021250 0.070833
0 0.365625 0.540625 0.022500 0.077082
0 0.387188 0.501043 0.023125 0.068750
0 0.401562 0.453125 0.023125 0.060418
0 0.384375 0.411457 0.023750 0.077082
0 0.367500 0.458332 0.022500 0.075000
0 0.341875 0.483332 0.023750 0.075000
0 0.331562 0.553125 0.025625 0.068750
0 0.353750 0.670833 0.025000 0.087500
0 0.324375 0.676042 0.025000 0.072917
0 0.310625 0.621875 0.022500 0.081250
0 0.286875 0.628125 0.020000 0.085418
0 0.258125 0.619793 0.021250 0.077082
0 0.286875 0.530207 0.025000 0.072917
0 0.310312 0.537500 0.020625 0.075000
0 0.260313 0.520832 0.026875 0.066668
0 0.252188 0.452082 0.025625 0.070833
0 0.280938 0.454168 0.023125 0.070833
0 0.308125 0.444793 0.023750 0.072917
0 0.329062 0.389582 0.021875 0.079168
0 0.351875 0.396875 0.025000 0.077082
0 0.370312 0.333332 0.024375 0.070833
0 0.395313 0.329167 0.023125 0.070833
0 0.417500 0.354168 0.023750 0.075000
0 0.266875 0.386457 0.023750 0.077082
0 0.305312 0.383332 0.024375 0.070833
0 0.242812 0.383332 0.021875 0.079168
0 0.250312 0.312500 0.023125 0.070833
0 0.275938 0.315625 0.020625 0.072917
0 0.297812 0.316667 0.025625 0.070833
0 0.324375 0.316667 0.027500 0.079168
0 0.339375 0.264583 0.022500 0.070833
0 0.361875 0.267707 0.026250 0.081250
0 0.383125 0.237500 0.022500 0.083333
0 0.411250 0.198958 0.026250 0.077082
0 0.411250 0.110418 0.025000 0.083333
0 0.405313 0.029167 0.023125 0.066667
0 0.383437 0.084375 0.030625 0.081250
0 0.352812 0.056250 0.023125 0.075000
0 0.353125 0.130207 0.023750 0.068750
0 0.371250 0.180207 0.026250 0.085418
0 0.333125 0.096875 0.022500 0.072917
0 0.328750 0.173958 0.020000 0.081250
0 0.323125 0.026043 0.023750 0.064584
0 0.304063 0.090625 0.023125 0.064583
0 0.303125 0.164582 0.023750 0.079168
0 0.310937 0.253125 0.025625 0.072917
0 0.284375 0.237500 0.026250 0.070833
0 0.258125 0.238542 0.022500 0.072917
0 0.230000 0.256250 0.021250 0.070833
0 0.230313 0.179168 0.024375 0.070833
0 0.252500 0.159375 0.023750 0.077082
0 0.276875 0.164582 0.025000 0.075000
0 0.231563 0.087500 0.024375 0.079168
0 0.265937 0.095833 0.025625 0.079168
0 0.223750 0.006250 0.025000 0.035416
0 0.265000 0.000000 0.026250 0.020834
0 0.247188 0.030208 0.024375 0.068749
