0 0.485000 0.488195 0.022500 0.051388
0 0.506250 0.504167 0.023750 0.052778
0 0.539375 0.476388 0.022500 0.050000
0 0.569375 0.456250 0.025000 0.056945
0 0.589063 0.502778 0.020625 0.050000
0 0.609062 0.479167 0.021875 0.047222
0 0.640312 0.467362 0.024375 0.056945
0 0.660000 0.514583 0.023750 0.056945
0 0.622500 0.520833 0.023750 0.050000
0 0.599375 0.547917 0.022500 0.043055
0 0.560625 0.513888 0.023750 0.047222
0 0.563750 0.561805 0.021250 0.045833
0 0.586250 0.581250 0.023750 0.045833
0 0.592187 0.628472 0.021875 0.048612
0 0.615313 0.587500 0.023125 0.047222
0 0.649062 0.625000 0.014375 0.055555
0 0.630938 0.622917 0.023125 0.054167
0 0.643437 0.566667 0.024375 0.041667
0 0.570000 0.646528 0.022500 0.048612
0 0.590938 0.697222 0.020625 0.066667
0 0.614688 0.664583 0.024375 0.048612
0 0.612812 0.713888 0.021875 0.047222
0 0.648750 0.731945 0.021250 0.055555
0 0.599375 0.749305 0.022500 0.040278
0 0.586562 0.801388 0.024375 0.052778
0 0.609375 0.814583 0.021250 0.051388
0 0.623125 0.773612 0.025000 0.050000
0 0.551250 0.604167 0.023750 0.050000
0 0.546875 0.654167 0.026250 0.044445
0 0.543750 0.708333 0.020000 0.052778
0 0.565937 0.704167 0.024375 0.044445
0 0.572500 0.752778 0.026250 0.050000
0 0.548750 0.759722 0.022500 0.052778
0 0.522813 0.768750 0.023125 0.054167
0 0.497188 0.772222 0.021875 0.052778
0 0.510000 0.725000 0.025000 0.052778
0 0.527813 0.690278 0.023125 0.052778
0 0.500000 0.661112 0.025000 0.047222
0 0.518125 0.632638 0.021250 0.054167
0 0.525625 0.568055 0.026250 0.052778
0 0.534375 0.525000 0.022500 0.044445
0 0.444375 0.413195 0.026250 0.045833
0 0.457500 0.510417 0.023750 0.048612
0 0.474062 0.538888 0.021875 0.050000
0 0.484687 0.609722 0.025625 0.050000
0 0.471250 0.654167 0.022500 0.052778
0 0.461562 0.700695 0.023125 0.054167
0 0.486875 0.704167 0.021250 0.061112
0 0.473438 0.775695 0.025625 0.051388
0 0.450313 0.747222 0.020625 0.050000
0 0.418438 0.784028 0.024375 0.048612
0 0.427187 0.715972 0.021875 0.051388
0 0.443750 0.668750 0.023750 0.054167
0 0.433437 0.509028 0.023125 0.054167
0 0.444063 0.557638 0.025625 0.045833
0 0.454375 0.600695 0.026250 0.059722
0 0.425625 0.629862 0.025000 0.054167
0 0.411875 0.668750 0.026250 0.040278
0 0.402187 0.721528 0.025625 0.048612
0 0.384688 0.779167 0.023125 0.055555
0 0.378125 0.716667 0.021250 0.047222
0 0.365625 0.693750 0.022500 0.051388
0 0.387188 0.667362 0.023125 0.045833
0 0.401562 0.635417 0.023125 0.040278
0 0.384375 0.607638 0.023750 0.051388
0 0.367500 0.638888 0.022500 0.050000
0 0.341875 0.655555 0.023750 0.050000
0 0.331562 0.702083 0.025625 0.045833
0 0.353750 0.780555 0.025000 0.058333
0 0.324375 0.784028 0.025000 0.048612
0 0.310625 0.747917 0.022500 0.054167
0 0.286875 0.752083 0.020000 0.056945
0 0.258125 0.746528 0.021250 0.051388
0 0.286875 0.686805 0.025000 0.048612
0 0.310312 0.691667 0.020625 0.050000
0 0.260313 0.680555 0.026875 0.044445
0 0.252188 0.634722 0.025625 0.047222
0 0.280938 0.636112 0.023125 0.047222
0 0.308125 0.629862 0.023750 0.048612
0 0.329062 0.593055 0.021875 0.052778
0 0.351875 0.597917 0.025000 0.051388
0 0.370312 0.555555 0.024375 0.047222
0 0.395313 0.552778 0.023125 0.047222
0 0.417500 0.569445 0.023750 0.050000
0 0.266875 0.590972 0.023750 0.051388
0 0.305312 0.588888 0.024375 0.047222
0 0.242812 0.588888 0.021875 0.052778
0 0.250312 0.541667 0.023125 0.047222
0 0.275938 0.543750 0.020625 0.048612
0 0.297812 0.544445 0.025625 0.047222
0 0.324375 0.544445 0.027500 0.052778
0 0.339375 0.509722 0.022500 0.047222
0 0.361875 0.511805 0.026250 0.054167
0 0.383125 0.491667 0.022500 0.055555
0 0.411250 0.465972 0.026250 0.051388
0 0.411250 0.406945 0.025000 0.055555
0 0.405313 0.352778 0.023125 0.050000
0 0.383437 0.389583 0.030625 0.054167
0 0.352812 0.370833 0.023125 0.050000
0 0.353125 0.420138 0.023750 0.045833
0 0.371250 0.453472 0.026250 0.056945
0 0.333125 0.397917 0.022500 0.048612
0 0.328750 0.449305 0.020000 0.054167
0 0.323125 0.350695 0.023750 0.051388
0 0.304063 0.393750 0.023125 0.043055
0 0.303125 0.443055 0.023750 0.052778
0 0.310937 0.502083 0.025625 0.048612
0 0.284375 0.491667 0.026250 0.047222
0 0.258125 0.492362 0.022500 0.048612
0 0.230000 0.504167 0.021250 0.047222
0 0.230313 0.452778 0.024375 0.047222
0 0.252500 0.439583 0.023750 0.051388
0 0.276875 0.443055 0.025000 0.050000
0 0.231563 0.391667 0.024375 0.052778
0 0.265937 0.397222 0.025625 0.052778
0 0.223750 0.337500 0.025000 0.038888
0 0.240937 0.294445 0.023125 0.052778
0 0.265000 0.320833 0.026250 0.052778
0 0.247188 0.353472 0.024375 0.051388
0 0.350938 0.256945 0.023125 0.061112
