0 0.485000 0.692917 0.022500 0.030833
0 0.506250 0.702500 0.023750 0.031667
0 0.539375 0.685833 0.022500 0.030000
0 0.569375 0.673750 0.025000 0.034167
0 0.589063 0.701667 0.020625 0.030000
0 0.609062 0.687500 0.021875 0.028333
0 0.640312 0.680417 0.024375 0.034167
0 0.660000 0.708750 0.023750 0.034167
0 0.622500 0.712500 0.023750 0.030000
0 0.599375 0.728750 0.022500 0.025833
0 0.560625 0.708333 0.023750 0.028333
0 0.563750 0.737083 0.021250 0.027500
0 0.586250 0.748750 0.023750 0.027500
0 0.592187 0.777083 0.021875 0.029167
0 0.615313 0.752500 0.023125 0.028333
0 0.649062 0.775000 0.014375 0.033333
0 0.630938 0.773750 0.023125 0.032500
0 0.643437 0.740000 0.024375 0.025000
0 0.570000 0.787917 0.022500 0.029167
0 0.590938 0.818333 0.020625 0.040000
0 0.614688 0.798750 0.024375 0.029167
0 0.612812 0.828333 0.021875 0.028333
0 0.648750 0.839167 0.021250 0.033333
0 0.599375 0.849583 0.022500 0.024167
0 0.586562 0.880833 0.024375 0.031667
0 0.609375 0.888750 0.021250 0.030833
0 0.623125 0.864167 0.025000 0.030000
0 0.551250 0.762500 0.023750 0.030000
0 0.546875 0.792500 0.026250 0.026667
0 0.543750 0.825000 0.020000 0.031667
0 0.565937 0.822500 0.024375 0.026667
0 0.572500 0.851667 0.026250 0.030000
0 0.548750 0.855833 0.022500 0.031667
0 0.522813 0.861250 0.023125 0.032500
0 0.497188 0.863333 0.021875 0.031667
0 0.510000 0.835000 0.025000 0.031667
0 0.527813 0.814167 0.023125 0.031667
0 0.500000 0.796667 0.025000 0.028333
0 0.518125 0.779583 0.021250 0.032500
0 0.525625 0.740833 0.026250 0.031667
0 0.534375 0.715000 0.022500 0.026667
0 0.444375 0.647917 0.026250 0.027500
0 0.457500 0.706250 0.023750 0.029167
0 0.474062 0.723333 0.021875 0.030000
0 0.484687 0.765833 0.025625 0.030000
0 0.471250 0.792500 0.022500 0.031667
0 0.461562 0.820417 0.023125 0.032500
0 0.486875 0.822500 0.021250 0.036667
0 0.473438 0.865417 0.025625 0.030833
0 0.450313 0.848333 0.020625 0.030000
0 0.418438 0.870417 0.024375 0.029167
0 0.427187 0.829583 0.021875 0.030833
0 0.443750 0.801250 0.023750 0.032500
0 0.433437 0.705417 0.023125 0.032500
0 0.444063 0.734583 0.025625 0.027500
0 0.454375 0.760417 0.026250 0.035833
0 0.425625 0.777917 0.025000 0.032500
0 0.411875 0.801250 0.026250 0.024167
0 0.402187 0.832917 0.025625 0.029167
0 0.384688 0.867500 0.023125 0.033333
0 0.378125 0.830000 0.021250 0.028333
0 0.365625 0.816250 0.022500 0.030833
0 0.387188 0.800417 0.023125 0.027500
0 0.401562 0.781250 0.023125 0.024167
0 0.384375 0.764583 0.023750 0.030833
0 0.367500 0.783333 0.022500 0.030000
0 0.341875 0.793333 0.023750 0.030000
0 0.331562 0.821250 0.025625 0.027500
0 0.353750 0.868333 0.025000 0.035000
0 0.324375 0.870417 0.025000 0.029167
0 0.310625 0.848750 0.022500 0.032500
0 0.286875 0.851250 0.020000 0.034167
0 0.258125 0.847917 0.021250 0.030833
0 0.286875 0.812083 0.025000 0.029167
0 0.310312 0.815000 0.020625 0.030000
0 0.260313 0.808333 0.026875 0.026667
0 0.252188 0.780833 0.025625 0.028333
0 0.280938 0.781667 0.023125 0.028333
0 0.308125 0.777917 0.023750 0.029167
0 0.329062 0.755833 0.021875 0.031667
0 0.351875 0.758750 0.025000 0.030833
0 0.370312 0.733333 0.024375 0.028333
0 0.395313 0.731667 0.023125 0.028333
0 0.417500 0.741667 0.023750 0.030000
0 0.266875 0.754583 0.023750 0.030833
0 0.305312 0.753333 0.024375 0.028333
0 0.242812 0.753333 0.021875 0.031667
0 0.250312 0.725000 0.023125 0.028333
0 0.275938 0.726250 0.020625 0.029167
0 0.297812 0.726667 0.025625 0.028333
0 0.324375 0.726667 0.027500 0.031667
0 0.339375 0.705833 0.022500 0.028333
0 0.361875 0.707083 0.026250 0.032500
0 0.383125 0.695000 0.022500 0.033333
0 0.411250 0.679583 0.026250 0.030833
0 0.411250 0.644167 0.025000 0.033333
0 0.405313 0.611667 0.023125 0.030000
0 0.383437 0.633750 0.030625 0.032500
0 0.352812 0.622500 0.023125 0.030000
0 0.353125 0.652083 0.023750 0.027500
0 0.371250 0.672083 0.026250 0.034167
0 0.333125 0.638750 0.022500 0.029167
0 0.328750 0.669583 0.020000 0.032500
0 0.323125 0.610417 0.023750 0.030833
0 0.304063 0.636250 0.023125 0.025833
0 0.303125 0.665833 0.023750 0.031667
0 0.310937 0.701250 0.025625 0.029167
0 0.284375 0.695000 0.026250 0.028333
0 0.258125 0.695417 0.022500 0.029167
0 0.230000 0.702500 0.021250 0.028333
0 0.230313 0.671667 0.024375 0.028333
0 0.252500 0.663750 0.023750 0.030833
0 0.276875 0.665833 0.025000 0.030000
0 0.231563 0.635000 0.024375 0.031667
0 0.265937 0.638333 0.025625 0.031667
0 0.223750 0.602500 0.025000 0.023333
0 0.240937 0.576667 0.023125 0.031667
0 0.265000 0.592500 0.026250 0.031667
0 0.247188 0.612083 0.024375 0.030833
0 0.350938 0.554167 0.023125 0.036667
