0 0.692917 0.515000 0.030833 0.022500
0 0.702500 0.493750 0.031667 0.023750
0 0.685833 0.460625 0.030000 0.022500
0 0.673750 0.430625 0.034167 0.025000
0 0.701667 0.410937 0.030000 0.020625
0 0.687500 0.390938 0.028333 0.021875
0 0.680417 0.359688 0.034167 0.024375
0 0.708750 0.340000 0.034167 0.023750
0 0.712500 0.377500 0.030000 0.023750
0 0.728750 0.400625 0.025833 0.022500
0 0.708333 0.439375 0.028333 0.023750
0 0.737083 0.436250 0.027500 0.021250
0 0.748750 0.413750 0.027500 0.023750
0 0.777083 0.407813 0.029167 0.021875
0 0.752500 0.384687 0.028333 0.023125
0 0.775000 0.350938 0.033333 0.014375
0 0.773750 0.369062 0.032500 0.023125
0 0.740000 0.356563 0.025000 0.024375
0 0.787917 0.430000 0.029167 0.022500
0 0.818333 0.409062 0.040000 0.020625
0 0.798750 0.385312 0.029167 0.024375
0 0.828333 0.387188 0.028333 0.021875
0 0.839167 0.351250 0.033333 0.021250
0 0.849583 0.400625 0.024167 0.022500
0 0.880833 0.413438 0.031667 0.024375
0 0.888750 0.390625 0.030833 0.021250
0 0.864167 0.376875 0.030000 0.025000
0 0.762500 0.448750 0.030000 0.023750
0 0.792500 0.453125 0.026667 0.026250
0 0.825000 0.456250 0.031667 0.020000
0 0.822500 0.434063 0.026667 0.024375
0 0.851667 0.427500 0.030000 0.026250
0 0.855833 0.451250 0.031667 0.022500
0 0.861250 0.477187 0.032500 0.023125
0 0.863333 0.502812 0.031667 0.021875
0 0.835000 0.490000 0.031667 0.025000
0 0.814167 0.472187 0.031667 0.023125
0 0.796667 0.500000 0.028333 0.025000
0 0.779583 0.481875 0.032500 0.021250
0 0.740833 0.474375 0.031667 0.026250
0 0.715000 0.465625 0.026667 0.022500
0 0.647917 0.555625 0.027500 0.026250
0 0.706250 0.542500 0.029167 0.023750
0 0.723333 0.525938 0.030000 0.021875
0 0.765833 0.515313 0.030000 0.025625
0 0.792500 0.528750 0.031667 0.022500
0 0.820417 0.538438 0.032500 0.023125
0 0.822500 0.513125 0.036667 0.021250
0 0.865417 0.526562 0.030833 0.025625
0 0.848333 0.549687 0.030000 0.020625
0 0.870417 0.581562 0.029167 0.024375
0 0.829583 0.572813 0.030833 0.021875
0 0.801250 0.556250 0.032500 0.023750
0 0.705417 0.566563 0.032500 0.023125
0 0.734583 0.555937 0.027500 0.025625
0 0.760417 0.545625 0.035833 0.026250
0 0.777917 0.574375 0.032500 0.025000
0 0.801250 0.588125 0.024167 0.026250
0 0.832917 0.597813 0.029167 0.025625
0 0.867500 0.615312 0.033333 0.023125
0 0.830000 0.621875 0.028333 0.021250
0 0.816250 0.634375 0.030833 0.022500
0 0.800417 0.612812 0.027500 0.023125
0 0.781250 0.598438 0.024167 0.023125
0 0.764583 0.615625 0.030833 0.023750
0 0.783333 0.632500 0.030000 0.022500
0 0.793333 0.658125 0.030000 0.023750
0 0.821250 0.668438 0.027500 0.025625
0 0.868333 0.646250 0.035000 0.025000
0 0.870417 0.675625 0.029167 0.025000
0 0.848750 0.689375 0.032500 0.022500
0 0.851250 0.713125 0.034167 0.020000
0 0.847917 0.741875 0.030833 0.021250
0 0.812083 0.713125 0.029167 0.025000
0 0.815000 0.689688 0.030000 0.020625
0 0.808333 0.739687 0.026667 0.026875
0 0.780833 0.747812 0.028333 0.025625
0 0.781667 0.719062 0.028333 0.023125
0 0.777917 0.691875 0.029167 0.023750
0 0.755833 0.670938 0.031667 0.021875
0 0.758750 0.648125 0.030833 0.025000
0 0.733333 0.629688 0.028333 0.024375
0 0.731667 0.604687 0.028333 0.023125
0 0.741667 0.582500 0.030000 0.023750
0 0.754583 0.733125 0.030833 0.023750
0 0.753333 0.694688 0.028333 0.024375
0 0.753333 0.757188 0.031667 0.021875
0 0.725000 0.749688 0.028333 0.023125
0 0.726250 0.724062 0.029167 0.020625
0 0.726667 0.702188 0.028333 0.025625
0 0.726667 0.675625 0.031667 0.027500
0 0.705833 0.660625 0.028333 0.022500
0 0.707083 0.638125 0.032500 0.026250
0 0.695000 0.616875 0.033333 0.022500
0 0.679583 0.588750 0.030833 0.026250
0 0.644167 0.588750 0.033333 0.025000
0 0.611667 0.594687 0.030000 0.023125
0 0.633750 0.616563 0.032500 0.030625
0 0.622500 0.647188 0.030000 0.023125
0 0.652083 0.646875 0.027500 0.023750
0 0.672083 0.628750 0.034167 0.026250
0 0.638750 0.666875 0.029167 0.022500
0 0.669583 0.671250 0.032500 0.020000
0 0.610417 0.676875 0.030833 0.023750
0 0.636250 0.695937 0.025833 0.023125
0 0.665833 0.696875 0.031667 0.023750
0 0.701250 0.689063 0.029167 0.025625
0 0.695000 0.715625 0.028333 0.026250
0 0.695417 0.741875 0.029167 0.022500
0 0.702500 0.770000 0.028333 0.021250
0 0.671667 0.769687 0.028333 0.024375
0 0.663750 0.747500 0.030833 0.023750
0 0.665833 0.723125 0.030000 0.025000
0 0.635000 0.768437 0.031667 0.024375
0 0.638333 0.734063 0.031667 0.025625
0 0.602500 0.776250 0.023333 0.025000
0 0.576667 0.759063 0.031667 0.023125
0 0.592500 0.735000 0.031667 0.026250
0 0.612083 0.752812 0.030833 0.024375
0 0.554167 0.649062 0.036667 0.023125
