0 0.216875 0.031250 0.023750 0.066666
0 0.221250 0.098957 0.025000 0.072917
0 0.241250 0.065625 0.020000 0.072917
0 0.232813 0.181250 0.021875 0.079168
0 0.250937 0.221875 0.021875 0.077082
0 0.254375 0.138543 0.022500 0.077082
0 0.265313 0.069792 0.021875 0.085418
0 0.284062 0.029167 0.019375 0.075001
0 0.309688 0.045832 0.024375 0.083333
0 0.296563 0.110418 0.021875 0.070833
0 0.277187 0.163543 0.023125 0.081250
0 0.228750 0.304167 0.021250 0.070833
0 0.250312 0.301043 0.021875 0.068750
0 0.237187 0.375000 0.018125 0.075000
0 0.259688 0.370832 0.021875 0.075000
0 0.243438 0.444793 0.021875 0.072917
0 0.273438 0.438543 0.019375 0.060418
0 0.286250 0.377082 0.022500 0.070833
0 0.293750 0.480207 0.021250 0.072917
0 0.278438 0.511458 0.023125 0.068750
0 0.258437 0.546875 0.024375 0.072917
0 0.260625 0.640625 0.018750 0.072917
0 0.282500 0.614582 0.023750 0.066668
0 0.284687 0.701042 0.024375 0.081250
0 0.313437 0.473957 0.018125 0.081250
0 0.315937 0.557293 0.026875 0.068750
0 0.327188 0.631250 0.021875 0.083333
0 0.340313 0.562500 0.019375 0.079168
0 0.347813 0.495832 0.023125 0.079168
0 0.363750 0.545832 0.021250 0.066668
0 0.385313 0.572918 0.021875 0.079168
0 0.362187 0.638542 0.021875 0.077082
0 0.383125 0.646875 0.018750 0.068750
0 0.271562 0.258332 0.021875 0.083333
0 0.323437 0.127082 0.025625 0.079168
0 0.310937 0.180207 0.021875 0.072917
0 0.339687 0.194793 0.023125 0.089582
0 0.294375 0.251042 0.023750 0.085418
0 0.317812 0.256250 0.023125 0.083333
0 0.313750 0.340625 0.018750 0.081250
0 0.332500 0.392707 0.022500 0.085418
0 0.340313 0.058332 0.024375 0.087500
0 0.355938 0.117707 0.023125 0.081250
0 0.363750 0.227082 0.025000 0.070833
0 0.344062 0.286457 0.030625 0.064583
0 0.353125 0.356250 0.023750 0.079168
0 0.380625 0.092707 0.025000 0.081250
0 0.388750 0.012500 0.023750 0.052084
0 0.424063 0.036457 0.021875 0.079166
0 0.412813 0.103125 0.025625 0.089582
0 0.394375 0.205207 0.025000 0.085418
0 0.375937 0.292707 0.025625 0.081250
0 0.378125 0.375000 0.025000 0.066668
0 0.397500 0.401043 0.021250 0.077082
0 0.402813 0.466668 0.023125 0.070833
0 0.423125 0.442707 0.020000 0.077082
0 0.444688 0.422918 0.023125 0.075000
0 0.416875 0.356250 0.021250 0.070833
0 0.402187 0.288543 0.025625 0.077082
0 0.425000 0.271875 0.021250 0.077082
0 0.416250 0.196875 0.017500 0.085418
0 0.442812 0.228125 0.021875 0.085418
0 0.449688 0.145832 0.024375 0.083333
0 0.465938 0.070832 0.026875 0.083333
0 0.456875 0.275000 0.021250 0.075000
0 0.440625 0.341667 0.022500 0.070833
0 0.410938 0.557293 0.019375 0.081250
0 0.432188 0.564583 0.024375 0.058333
0 0.415312 0.648957 0.021875 0.081250
0 0.436250 0.627082 0.020000 0.066668
0 0.454062 0.655208 0.023125 0.077082
0 0.443125 0.503125 0.023750 0.068750
0 0.457188 0.575000 0.021875 0.075000
0 0.475000 0.219793 0.021250 0.085418
0 0.486250 0.164582 0.021250 0.075000
0 0.486250 0.278125 0.022500 0.077082
0 0.486250 0.379168 0.020000 0.083333
0 0.470938 0.446875 0.023125 0.081250
0 0.469687 0.523958 0.023125 0.072917
0 0.485625 0.655208 0.023750 0.085418
0 0.509375 0.650000 0.021250 0.070833
0 0.526250 0.662500 0.021250 0.079168
0 0.495937 0.577083 0.025625 0.058333
0 0.499063 0.498958 0.020625 0.072917
0 0.506875 0.428125 0.023750 0.068750
0 0.524062 0.376043 0.024375 0.081250
0 0.506250 0.323957 0.022500 0.081250
0 0.510312 0.177082 0.023125 0.066668
0 0.508750 0.245832 0.023750 0.054168
0 0.530625 0.202082 0.018750 0.066668
0 0.534687 0.126043 0.025625 0.085418
0 0.557500 0.173958 0.026250 0.072917
0 0.556562 0.252083 0.024375 0.075000
0 0.533125 0.287500 0.022500 0.083333
0 0.551875 0.318750 0.023750 0.070833
0 0.523125 0.485417 0.023750 0.062500
0 0.527813 0.556250 0.021875 0.075000
0 0.549063 0.525000 0.021875 0.075000
0 0.560625 0.463543 0.021250 0.081250
0 0.556875 0.622918 0.022500 0.075000
0 0.559688 0.690625 0.024375 0.060418
0 0.584063 0.658333 0.023125 0.079168
0 0.606563 0.696875 0.019375 0.077082
0 0.626875 0.648957 0.022500 0.081250
0 0.602187 0.601043 0.021875 0.077082
0 0.574688 0.564583 0.023125 0.079168
0 0.585938 0.504167 0.023125 0.087500
0 0.600313 0.460417 0.020625 0.075000
0 0.612500 0.536457 0.021250 0.089582
0 0.634687 0.562500 0.024375 0.070833
0 0.624687 0.442707 0.021875 0.077082
0 0.577500 0.371875 0.023750 0.085418
0 0.599063 0.372918 0.020625 0.075000
0 0.586875 0.240625 0.026250 0.089582
0 0.607187 0.193750 0.021875 0.083333
0 0.625625 0.281250 0.022500 0.083333
0 0.635312 0.195832 0.021875 0.075000
0 0.670937 0.133333 0.023125 0.083333
0 0.671250 0.226042 0.025000 0.068750
0 0.653125 0.344793 0.023750 0.085418
