0 0.387500 0.216875 0.028333 0.023750
0 0.360417 0.221250 0.029167 0.025000
0 0.373750 0.241250 0.029167 0.020000
0 0.327500 0.232813 0.031667 0.021875
0 0.311250 0.250937 0.030833 0.021875
0 0.344583 0.254375 0.030833 0.022500
0 0.372083 0.265313 0.034167 0.021875
0 0.388333 0.284062 0.036667 0.019375
0 0.381667 0.309688 0.033333 0.024375
0 0.355833 0.296563 0.028333 0.021875
0 0.334583 0.277187 0.032500 0.023125
0 0.278333 0.228750 0.028333 0.021250
0 0.279583 0.250312 0.027500 0.021875
0 0.250000 0.237187 0.030000 0.018125
0 0.251667 0.259688 0.030000 0.021875
0 0.222083 0.243438 0.029167 0.021875
0 0.224583 0.273438 0.024167 0.019375
0 0.249167 0.286250 0.028333 0.022500
0 0.207917 0.293750 0.029167 0.021250
0 0.195417 0.278438 0.027500 0.023125
0 0.181250 0.258437 0.029167 0.024375
0 0.143750 0.260625 0.029167 0.018750
0 0.154167 0.282500 0.026667 0.023750
0 0.119583 0.284687 0.032500 0.024375
0 0.210417 0.313437 0.032500 0.018125
0 0.177083 0.315937 0.027500 0.026875
0 0.147500 0.327188 0.033333 0.021875
0 0.175000 0.340313 0.031667 0.019375
0 0.201667 0.347813 0.031667 0.023125
0 0.181667 0.363750 0.026667 0.021250
0 0.170833 0.385313 0.031667 0.021875
0 0.144583 0.362187 0.030833 0.021875
0 0.141250 0.383125 0.027500 0.018750
0 0.296667 0.271562 0.033333 0.021875
0 0.349167 0.323437 0.031667 0.025625
0 0.327917 0.310937 0.029167 0.021875
0 0.322083 0.339687 0.035833 0.023125
0 0.299583 0.294375 0.034167 0.023750
0 0.297500 0.317812 0.033333 0.023125
0 0.263750 0.313750 0.032500 0.018750
0 0.242917 0.332500 0.034167 0.022500
0 0.376667 0.340313 0.035000 0.024375
0 0.352917 0.355938 0.032500 0.023125
0 0.309167 0.363750 0.028333 0.025000
0 0.285417 0.344062 0.025833 0.030625
0 0.257500 0.353125 0.031667 0.023750
0 0.362917 0.380625 0.032500 0.025000
0 0.395000 0.388750 0.031667 0.023750
0 0.385417 0.424063 0.034167 0.021875
0 0.358750 0.412813 0.035833 0.025625
0 0.317917 0.394375 0.034167 0.025000
0 0.282917 0.375937 0.032500 0.025625
0 0.250000 0.378125 0.026667 0.025000
0 0.239583 0.397500 0.030833 0.021250
0 0.213333 0.402813 0.028333 0.023125
0 0.222917 0.423125 0.030833 0.020000
0 0.230833 0.444688 0.030000 0.023125
0 0.257500 0.416875 0.028333 0.021250
0 0.284583 0.402187 0.030833 0.025625
0 0.291250 0.425000 0.030833 0.021250
0 0.321250 0.416250 0.034167 0.017500
0 0.308750 0.442812 0.034167 0.021875
0 0.341667 0.449688 0.033333 0.024375
0 0.371667 0.465938 0.033333 0.026875
0 0.290000 0.456875 0.030000 0.021250
0 0.263333 0.440625 0.028333 0.022500
0 0.177083 0.410938 0.032500 0.019375
0 0.174167 0.432188 0.023333 0.024375
0 0.140417 0.415312 0.032500 0.021875
0 0.149167 0.436250 0.026667 0.020000
0 0.137917 0.454062 0.030833 0.023125
0 0.198750 0.443125 0.027500 0.023750
0 0.170000 0.457188 0.030000 0.021875
0 0.312083 0.475000 0.034167 0.021250
0 0.334167 0.486250 0.030000 0.021250
0 0.288750 0.486250 0.030833 0.022500
0 0.248333 0.486250 0.033333 0.020000
0 0.221250 0.470938 0.032500 0.023125
0 0.190417 0.469687 0.029167 0.023125
0 0.137917 0.485625 0.034167 0.023750
0 0.140000 0.509375 0.028333 0.021250
0 0.135000 0.526250 0.031667 0.021250
0 0.169167 0.495937 0.023333 0.025625
0 0.200417 0.499063 0.029167 0.020625
0 0.228750 0.506875 0.027500 0.023750
0 0.249583 0.524062 0.032500 0.024375
0 0.270417 0.506250 0.032500 0.022500
0 0.329167 0.510312 0.026667 0.023125
0 0.301667 0.508750 0.021667 0.023750
0 0.319167 0.530625 0.026667 0.018750
0 0.349583 0.534687 0.034167 0.025625
0 0.330417 0.557500 0.029167 0.026250
0 0.299167 0.556562 0.030000 0.024375
0 0.285000 0.533125 0.033333 0.022500
0 0.272500 0.551875 0.028333 0.023750
0 0.205833 0.523125 0.025000 0.023750
0 0.177500 0.527813 0.030000 0.021875
0 0.190000 0.549063 0.030000 0.021875
0 0.214583 0.560625 0.032500 0.021250
0 0.150833 0.556875 0.030000 0.022500
0 0.123750 0.559688 0.024167 0.024375
0 0.136667 0.584063 0.031667 0.023125
0 0.121250 0.606563 0.030833 0.019375
0 0.140417 0.626875 0.032500 0.022500
0 0.159583 0.602187 0.030833 0.021875
0 0.174167 0.574688 0.031667 0.023125
0 0.198333 0.585938 0.035000 0.023125
0 0.215833 0.600313 0.030000 0.020625
0 0.185417 0.612500 0.035833 0.021250
0 0.175000 0.634687 0.028333 0.024375
0 0.222917 0.624687 0.030833 0.021875
0 0.251250 0.577500 0.034167 0.023750
0 0.250833 0.599063 0.030000 0.020625
0 0.303750 0.586875 0.035833 0.026250
0 0.322500 0.607187 0.033333 0.021875
0 0.287500 0.625625 0.033333 0.022500
0 0.321667 0.635312 0.030000 0.021875
0 0.346667 0.670937 0.033333 0.023125
0 0.309583 0.671250 0.027500 0.025000
0 0.262083 0.653125 0.034167 0.023750
