0 0.216875 0.612500 0.023750 0.028333
0 0.221250 0.639583 0.025000 0.029167
0 0.241250 0.626250 0.020000 0.029167
0 0.232813 0.672500 0.021875 0.031667
0 0.250937 0.688750 0.021875 0.030833
0 0.254375 0.655417 0.022500 0.030833
0 0.265313 0.627917 0.021875 0.034167
0 0.284062 0.611667 0.019375 0.036667
0 0.309688 0.618333 0.024375 0.033333
0 0.296563 0.644167 0.021875 0.028333
0 0.277187 0.665417 0.023125 0.032500
0 0.228750 0.721667 0.021250 0.028333
0 0.250312 0.720417 0.021875 0.027500
0 0.237187 0.750000 0.018125 0.030000
0 0.259688 0.748333 0.021875 0.030000
0 0.243438 0.777917 0.021875 0.029167
0 0.273438 0.775417 0.019375 0.024167
0 0.286250 0.750833 0.022500 0.028333
0 0.293750 0.792083 0.021250 0.029167
0 0.278438 0.804583 0.023125 0.027500
0 0.258437 0.818750 0.024375 0.029167
0 0.260625 0.856250 0.018750 0.029167
0 0.282500 0.845833 0.023750 0.026667
0 0.284687 0.880417 0.024375 0.032500
0 0.313437 0.789583 0.018125 0.032500
0 0.315937 0.822917 0.026875 0.027500
0 0.327188 0.852500 0.021875 0.033333
0 0.340313 0.825000 0.019375 0.031667
0 0.347813 0.798333 0.023125 0.031667
0 0.363750 0.818333 0.021250 0.026667
0 0.385313 0.829167 0.021875 0.031667
0 0.362187 0.855417 0.021875 0.030833
0 0.383125 0.858750 0.018750 0.027500
0 0.271562 0.703333 0.021875 0.033333
0 0.323437 0.650833 0.025625 0.031667
0 0.310937 0.672083 0.021875 0.029167
0 0.339687 0.677917 0.023125 0.035833
0 0.294375 0.700417 0.023750 0.034167
0 0.317812 0.702500 0.023125 0.033333
0 0.313750 0.736250 0.018750 0.032500
0 0.332500 0.757083 0.022500 0.034167
0 0.340313 0.623333 0.024375 0.035000
0 0.355938 0.647083 0.023125 0.032500
0 0.363750 0.690833 0.025000 0.028333
0 0.344062 0.714583 0.030625 0.025833
0 0.353125 0.742500 0.023750 0.031667
0 0.380625 0.637083 0.025000 0.032500
0 0.388750 0.605000 0.023750 0.031667
0 0.424063 0.614583 0.021875 0.034167
0 0.412813 0.641250 0.025625 0.035833
0 0.394375 0.682083 0.025000 0.034167
0 0.375937 0.717083 0.025625 0.032500
0 0.378125 0.750000 0.025000 0.026667
0 0.397500 0.760417 0.021250 0.030833
0 0.402813 0.786667 0.023125 0.028333
0 0.423125 0.777083 0.020000 0.030833
0 0.444688 0.769167 0.023125 0.030000
0 0.416875 0.742500 0.021250 0.028333
0 0.402187 0.715417 0.025625 0.030833
0 0.425000 0.708750 0.021250 0.030833
0 0.416250 0.678750 0.017500 0.034167
0 0.442812 0.691250 0.021875 0.034167
0 0.449688 0.658333 0.024375 0.033333
0 0.465938 0.628333 0.026875 0.033333
0 0.456875 0.710000 0.021250 0.030000
0 0.440625 0.736667 0.022500 0.028333
0 0.410938 0.822917 0.019375 0.032500
0 0.432188 0.825833 0.024375 0.023333
0 0.415312 0.859583 0.021875 0.032500
0 0.436250 0.850833 0.020000 0.026667
0 0.454062 0.862083 0.023125 0.030833
0 0.443125 0.801250 0.023750 0.027500
0 0.457188 0.830000 0.021875 0.030000
0 0.475000 0.687917 0.021250 0.034167
0 0.486250 0.665833 0.021250 0.030000
0 0.486250 0.711250 0.022500 0.030833
0 0.486250 0.751667 0.020000 0.033333
0 0.470938 0.778750 0.023125 0.032500
0 0.469687 0.809583 0.023125 0.029167
0 0.485625 0.862083 0.023750 0.034167
0 0.509375 0.860000 0.021250 0.028333
0 0.526250 0.865000 0.021250 0.031667
0 0.495937 0.830833 0.025625 0.023333
0 0.499063 0.799583 0.020625 0.029167
0 0.506875 0.771250 0.023750 0.027500
0 0.524062 0.750417 0.024375 0.032500
0 0.506250 0.729583 0.022500 0.032500
0 0.510312 0.670833 0.023125 0.026667
0 0.508750 0.698333 0.023750 0.021667
0 0.530625 0.680833 0.018750 0.026667
0 0.534687 0.650417 0.025625 0.034167
0 0.557500 0.669583 0.026250 0.029167
0 0.556562 0.700833 0.024375 0.030000
0 0.533125 0.715000 0.022500 0.033333
0 0.551875 0.727500 0.023750 0.028333
0 0.523125 0.794167 0.023750 0.025000
0 0.527813 0.822500 0.021875 0.030000
0 0.549063 0.810000 0.021875 0.030000
0 0.560625 0.785417 0.021250 0.032500
0 0.556875 0.849167 0.022500 0.030000
0 0.559688 0.876250 0.024375 0.024167
0 0.584063 0.863333 0.023125 0.031667
0 0.606563 0.878750 0.019375 0.030833
0 0.626875 0.859583 0.022500 0.032500
0 0.602187 0.840417 0.021875 0.030833
0 0.574688 0.825833 0.023125 0.031667
0 0.585938 0.801667 0.023125 0.035000
0 0.600313 0.784167 0.020625 0.030000
0 0.612500 0.814583 0.021250 0.035833
0 0.634687 0.825000 0.024375 0.028333
0 0.624687 0.777083 0.021875 0.030833
0 0.577500 0.748750 0.023750 0.034167
0 0.599063 0.749167 0.020625 0.030000
0 0.586875 0.696250 0.026250 0.035833
0 0.607187 0.677500 0.021875 0.033333
0 0.625625 0.712500 0.022500 0.033333
0 0.635312 0.678333 0.021875 0.030000
0 0.670937 0.653333 0.023125 0.033333
0 0.671250 0.690417 0.025000 0.027500
0 0.653125 0.737917 0.023750 0.034167
